4107
2573
9238
4296
6853
703
4665
4487
4305
2617
2432
2320
4769
4999
3618
-1881
5862
2072
-1699
2659
-2339
1194
3267
769
6084
1741
9870
5114
2396
4408
7476
-2793
3196
4570
5741
3488
5435
-2072
26654
3049
-2031
6254
5362
6065
4380
3474
5452
-615
4961
5785
1527
23590
-446
3348
209
3516
4025
4330
2075
5024
4562
-2926
4477
5310
30
2071
497
16929
3086
1694
3622
19363
216
22285
4794
357
24572
3003
-520
2291
1770
1361
-2877
465
5065
-1866
4191
5079
2550
4284
244
-2275
5067
2302
2952
379
-4601
2558
-2429
-5946
-1670
-5372
-4112
-3187
-5812
-3013
-4201
2456
-5029
-6079
-2804
2963
-815
-2002
-3565
-1918
-1112
-5963
-4390
-6648
-4615
-2307
-929
-5985
-2006
-2340
-5863
-1153
-3922
-3665
802
1124
-661
12
-25084
-856
-3021
-3550
-385
-5782
-2204
-3588
-514
162
-4747
-2669
-5085
-22949
698
-5000
-4264
-4147
-902
1318
1472
243
-550
2160
-3860
-3967
214
-3368
-4882
-13414
-3307
-2283
1337
-13420
-2073
-23005
-1160
-3075
-24664
1265
-5068
-1287
-3303
-592
-1820
-461
-4109
-1908
706
-1666
995
-4136
264
182
670
-1146
-1898
-1672
-3364
148
-4338
543
1736
-1851
-1743
-140
-1201
-1478
-2123
1719
-2023
2257
578
2265
-330
-2306
-2240
1749
-2217
-1004
-3878
-4326
-893
-2585
-2597
-3026
2008
-1271
-539
-2531
1654
-30615
5444
2431
-548
1509
-43125
940
2292
3855
2246
-33734
4027
5967
5241
3393
5655
-751
595
-37388
1779
5611
3305
-36621
2471
1186
-3244
5610
-7731
558
2606
5975
889
-29875
411
-40202
-7634
-7776
2117
-24032
3956
-27849
625
-698
-28069
2347
2721
5122
5741
5866
2544
5093
2528
1142
2090
-235
3756
5986
747
2455
426
-3593
5214
-198
5811
1974
10594
3540
1675
8106
4735
5976
4632
2298
1607
3209
1653
2751
7054
808
5308
2575
-2846
4520
2016
6226
6006
7705
5000
4755
5525
4655
6205
5567
8035
3339
4385
471
1407
4140
5431
-381
21105
3868
115
2003
5873
12887
6218
1674
5050
2796
1853
5280
-134
21715
3402
2305
917
9256
4898
2382
-1262
1442
2957
1439
-350
1385
3355
10545
-4
20694
-1145
7098
5163
20728
1331
22106
646
1647
28439
2254
5677
-542
2969
-83
-2880
532
3159
-2787
2348
1270
921
5702
1447
-2972
5192
-2843
2474
142
4417
1545
4095
1684
290
413
4158
230
1482
5290
-222
477
1733
4368
1594
2966
3785
901
1065
2815
278
1007
4387
3347
2512
1108
4620
-234
4162
-269
425
1554
3891
368
4095
2344
3650
-2869
-45
1770
2077
1144
3038
851
3962
249
0
3689
2985
215
155
-7346
3240
4014
1021
3304
4688
3057
-1857
40
6570
-2459
3440
4874
5711
399
1007
719
-156
7037
-568
6868
2737
1633
1419
3815
14344
528
240
4559
1144
5061
249
3039
4694
-739
1632
3759
3323
4252
4817
3131
4617
210
-283
1399
-784
730
-3682
-1764
2040
-2249
-317
420
-123
-72
2705
1659
1448
-1535
-2996
2742
-3359
-2097
-1368
-591
2046
840
272
-3308
534
-2535
-1203
-3071
171
-3687
1953
1698
833
-34695
1874
212
641
-2742
-41204
2999
2125
3374
2690
-40238
3565
700
1397
626
3517
701
5024
-38455
4612
4454
3659
-38813
4125
4945
-3885
813
-5873
-3962
5355
1749
2360
-31586
-386
-41471
-4366
-7790
-800
-34539
230
-38089
4494
814
-27415
4977
2842
511
3312
4257
-1836
3413
1271
-3538
452
1012
4750
5856
80
1749
837
-1642
3492
3603
4345
-2795
9827
452
6845
7117
1108
5039
5967
1413
4606
-1181
1624
2671
2263
-2093
4361
7132
1195
4165
-2880
5417
6677
3658
6800
7599
9372
811
2925
2912
4430
-956
1843
1671
2241
-191
557
621
26222
5525
2418
806
2066
9196
4006
5903
4797
4637
1333
5416
236
19660
3938
5126
4348
4743
4330
1353
960
1001
3559
-1436
2547
4123
851
4533
4320
18487
-1406
4723
3909
18160
2748
27726
3728
2602
28926
1924
873
3652
46
3531
1737
4483
3128
2502
4664
4352
67
3175
4111
2979
5569
-2646
5369
3319
1489
-2569
10381
5868
5575
5252
969
-60
2552
1486
1309
-2614
4652
4592
4837
-1525
1803
3551
2368
5148
1460
2560
3910
2439
5414
6246
10381
2981
6292
1060
3752
903
1913
1666
412
2618
4186
1943
30055
3903
3179
6241
3710
8425
4059
3062
-264
2596
2389
1152
1049
27353
1183
5465
1374
4576
1946
5078
-1460
3835
3309
268
228
3555
3555
4803
2962
16463
-1436
3546
1885
21638
5583
31540
2133
4740
28713
-646
1430
5374
4426
2555
-1441
2376
2460
-2143
1966
306
3954
3650
2848
1382
3504
-1749
1763
-268
-3146
1823
-6137
-3798
-968
-2046
-2638
-2359
-3412
-645
-6227
2070
-4601
-5767
-1278
3019
-1263
-3030
-184
-5517
8
-3510
-4961
-5691
-5838
-3103
-2357
-3124
-1513
-4803
-5746
2008
-348
-2554
-568
-3837
-3336
3392
-26226
-1123
2607
2143
137
-12799
-4677
-2092
-1880
-2851
-2984
-4028
820
-22536
-3038
-3562
-3060
-4370
-2836
-3637
-2838
636
-22
2734
916
-2167
-4558
-6531
-1347
-16456
-545
-1371
1192
-17776
-4784
-24867
-5073
-136
-25090
-2370
-3623
-2643
1482
-989
-1696
748
-3836
387
-4344
-1907
-4238
79
-2378
199
-3809
2762
1415
467
-1774
-3594
2228
3034
3096
2525
-840
3162
-1492
-1847
-16
1562
-587
3155
3000
1251
-1044
932
-3661
772
1658
1131
4660
4528
612
2048
5768
1458
1000
4047
-942
-1658
-922
38607
-4342
-3694
-3410
1543
52645
-3267
531
2229
-261
48810
829
-1385
730
-1056
-2768
457
-1525
46386
765
271
-1128
43036
-1877
-3095
2037
-3082
17037
1542
-539
-4807
-2723
44151
1062
47774
10084
11186
1434
38099
490
42576
-3917
-3196
45490
-901
-2789
-2787
-1949
-3071
24
667
-4599
-1480
-342
-3406
-1687
1192
-3801
-2971
99
4160
-4945
900
-4888
-1734
-3147
-724
-3214
-5196
-5373
-4584
-7105
-3007
-2612
-748
-3513
-2569
-2445
334
-1813
-6266
819
-2865
-3157
-2467
-6603
-5901
-5527
-5216
-1931
-4508
-2611
-5872
-6010
-3263
970
-5185
-4612
-3777
-4779
-1214
-23394
87
-2456
983
-351
-14146
1306
1619
1185
-4810
345
-5097
-3809
-19610
-2133
-4788
-2647
-6190
-4037
746
-1191
322
-3123
2065
1068
-3624
710
-5312
-2610
-22265
-807
-1550
1059
-15879
70
-26203
-4803
-1351
-26538
-2287
-4028
-207
-4482
-3581
2030
-3303
-4048
2027
1428
-1078
-2884
-3309
-4122
257
-1623
-661
-3611
1284
-5338
-1897
-3017
-3050
-2806
-1571
-3349
-3031
-1770
-1813
-5765
269
-4732
-395
-2195
711
-793
-3909
1349
-6743
937
-686
-4623
-3996
-2499
-5068
-6818
-4895
-5963
-2075
-4659
2491
-4032
1104
-3548
-5349
-699
-966
-24760
-3775
-1936
-2406
-978
-5707
-418
-165
-1430
-2154
-4658
-206
-4950
-22608
-2070
616
-4491
-4025
-344
-916
578
-173
-1174
2745
974
-2101
1191
-2880
324
-9995
-1563
-3821
-4763
-14989
-2543
-21632
272
600
-22833
314
-3207
-2354
-3684
938
-95
-2671
-3343
1884
-2070
62
-4551
-4795
-2888
2916
-5087
972
-3122
-1040
2190
2039
7714
2241
7594
3779
4561
1824
5928
5782
2886
3163
5759
3804
6448
-218
5842
6984
-2823
7636
3170
5247
1993
5842
6409
2466
10308
5234
3740
2816
2287
-2035
4347
5451
462
2033
4888
-3228
18943
1932
803
559
2359
16564
225
5788
4570
-161
2340
4350
2338
16952
644
2033
241
14157
3689
3763
-628
3532
3519
-2020
436
591
2985
13596
5204
19834
3967
4954
1489
19240
923
24473
1175
2314
26959
4397
2506
4454
5778
4460
2020
953
5026
-1982
2365
3433
2362
5535
2141
2001
5453
1226
799
2927
1911
1420
8685
4531
5679
2255
7349
5203
5531
3588
5952
-563
5826
4145
7429
2759
4745
4612
3102
6292
1446
8320
4284
4351
3735
8404
7770
7166
3960
2409
6507
-1380
4158
4631
5324
4286
1065
-3134
21374
502
-1054
1205
4271
17274
3610
3776
1662
600
4416
527
911
23996
3083
-251
2349
15249
2606
1629
-1844
4620
3355
-2011
717
4879
2727
10507
4539
24286
3520
2299
2903
18505
-431
29262
3863
3809
25120
2115
656
24
-317
1896
-201
4804
4331
-1148
3587
3434
-59
4199
4674
-1452
3027
2215
-517
-415
-6572
626
-5356
-1788
-1793
-5416
-4321
-2742
-3014
-3413
-2453
-117
-1786
-2590
-1075
-532
-1047
-1934
-3216
-1534
-1987
-1327
159
-6131
-3021
-4161
394
-2744
-3026
47
-3145
-344
-3621
-1350
1197
860
1730
-174
-27372
1574
2926
2106
-3038
-11417
104
-445
1006
-1916
323
-2630
-1884
-26557
-3420
-3912
1395
-8976
-1775
894
2485
-3938
-2836
-1539
-2949
-66
-1317
-2927
363
-23473
-3483
-5271
-2389
-15991
-399
-21270
1662
1607
-22595
-2967
1406
1304
1543
1241
3015
-179
-2316
68
-4938
-3052
-2756
722
-1320
2601
-3923
-1374
-4223
1548
2519
-1141
8725
6515
3154
7739
3709
997
2913
3667
5133
-897
4059
8023
3489
3224
5169
6492
-2264
5843
46
2575
6682
7271
3313
5061
3982
5224
7511
6427
5586
1523
4588
6123
85
1232
3509
-1103
19402
5417
-1274
3854
-170
10538
3570
5498
3084
1511
1201
475
2121
22456
4389
2439
4718
11737
1436
5491
109
2602
6628
-1242
2037
4132
74
5106
4072
21974
356
1811
2106
16268
2001
25219
926
4479
22889
3399
-81
2548
1985
2062
-1969
3827
5083
-2579
-624
901
430
135
5421
-534
-177
-1864
4536
2934
4346
806
6072
4983
3716
5012
7167
5615
3171
369
3638
-1367
4453
3958
3207
-367
7899
5203
1753
5768
-2596
1935
4320
5353
5849
5507
7670
6678
1684
2753
3105
-1934
2593
425
2051
1796
42
1859
22450
3481
2256
4276
4749
10220
3053
4201
5025
273
4141
5657
4088
20620
3906
4827
3145
8462
1348
1885
-2743
5234
6325
356
1317
3745
2516
3223
5702
17365
2925
7706
419
19292
3158
24062
3056
1252
27899
4979
4675
1858
4677
4224
-2928
1741
5181
642
1269
4134
3069
3902
5836
362
3112
-2279
2851
5480
-1622
-2906
-2308
-3995
-4953
-4538
-1248
56
-4604
-1172
-928
-956
-6356
-5918
-3649
338
-4772
-3551
-1574
-840
-282
-4303
-1501
-3352
-5191
-1873
-4901
-2694
-1716
-4911
-1991
1979
-238
-6319
-934
-3561
-1390
-1181
-28313
-2071
-2404
-508
1476
-15518
-1726
709
96
-2965
2590
375
-527
-25192
-2536
1677
-2484
-15701
1032
-689
-413
456
-3242
2267
-2741
1570
-3827
-7551
-2880
-20275
-4436
-873
587
-20518
269
-25020
-3838
-1092
-22712
-1762
-3123
-1884
1683
-851
2857
55
1878
1134
-3352
-544
-2295
-3956
880
589
-3972
-3179
-2482
2120
205
-3304
-9224
-2119
-4326
-5733
-1937
-5101
-5094
-4656
-1536
-1600
-4664
-5461
-5637
-2203
-5916
-4151
-1481
-2437
822
-512
-2211
-72
-897
-1012
-3803
-141
-5620
-6
-3540
-924
-466
-84
-2993
-5346
-306
300
-20222
-4538
-3248
169
-3146
-3828
1331
-3589
-4627
-4607
-3422
-73
575
-24146
-2819
-433
786
-2944
-5020
-1645
-2766
-500
-4917
-1778
743
-1111
-2145
-1655
-300
-6982
-1296
-3164
-3485
-11584
-1926
-18644
1291
296
-17852
-826
-53
-331
-407
1130
3160
-4282
-4714
3011
-1434
-5311
-2022
357
-1246
-1834
-4465
-1868
327
-1378
4723
978
6286
4323
3603
2704
6988
3391
4942
4274
2923
-429
6776
1632
7060
1053
6399
2030
2530
4907
331
2444
3292
6373
5844
2256
9606
6037
1956
2778
5349
-2976
2395
7991
-573
-738
1168
2743
21951
4123
-757
-382
637
16108
-291
2713
1516
3347
2337
-85
-964
17271
1897
3319
4620
13851
3445
626
-1416
2657
3474
-2319
4745
1629
2056
11230
-603
16307
1779
2297
5023
17266
4492
20077
905
1175
27660
5078
3550
-802
4321
5570
481
378
2563
-1621
-329
1166
4604
5276
3613
301
2230
-1520
544
5158
-2180
330
-5937
-3838
-6238
-1659
-1236
-6284
-5607
-4531
-4076
-1815
-979
-3589
-6141
-1366
-881
-2071
341
-6313
-275
-3052
-4034
-6758
-330
-1388
-4583
-4754
-1196
-6515
-2801
2303
907
-4960
1099
1141
804
1694
-26799
-408
-3018
-4510
-3124
-6338
-4793
-4230
-4240
-4346
-4087
-2068
-5057
-19823
570
-5310
-448
-2115
-4074
-4559
963
357
-4175
-1032
-2933
-759
-1901
-4784
-581
-18483
-2718
-4399
-691
-14124
-2457
-25814
-4691
-551
-22308
-4309
-4595
1246
-4510
-2661
3172
-2616
328
1854
-5176
1038
-4771
-732
-2037
331
21
-1512
-3019
-4044
-1537
957
-4215
-1712
-3320
-5877
-6606
-4460
-4862
-4622
-3018
-3619
-6319
-1659
-5936
-427
-2059
-4747
598
-2760
999
-3199
-4512
-5346
-1398
-6624
-873
-1397
-2708
-720
-6440
556
-3363
423
-2693
727
-4148
-974
-21221
-3208
197
-697
-778
-7936
-883
-2445
-1918
578
-4739
314
-1305
-25683
-2692
-4677
324
-7398
-2421
620
910
-4932
-3395
3393
-284
-1724
-4539
-884
627
-12233
2344
175
-1526
-18349
-170
-24904
-1983
-19
-22089
-3663
-4028
-3323
-1316
-4661
-2985
-2268
-5058
902
-2738
-1760
-747
-4931
-3018
1105
461
2504
703
-1039
2443
-1602
8871
3398
4605
2609
2043
2759
6140
5453
6341
-1594
1713
5476
3635
-1225
6820
4873
-1157
3039
3098
3984
4805
5723
203
4258
9272
6061
4236
5570
1642
-505
1013
-966
3561
1456
1933
-247
25179
2056
1421
6083
728
6533
3751
4970
810
4982
1405
1281
1728
27141
2209
3587
4335
3700
3632
1804
-665
1619
6830
-1742
5491
2858
5184
4326
1328
18213
-947
5136
5246
20741
4988
24503
1600
3966
29396
2565
623
1768
1432
1151
89
1485
1556
-1228
1561
1632
3266
1363
3379
-236
-547
1094
-59
5217
835
1761
3570
851
-974
-953
4858
1423
-986
-657
1282
829
3457
1838
1387
-2296
-409
2842
-802
2529
-2708
749
840
3622
4744
194
3509
1666
2464
3177
2371
-1684
-2931
50227
-1411
1207
-4082
4015
55688
1484
-1846
2114
640
49220
1191
-1317
2224
-1750
-606
-931
1871
48908
145
-1621
-4036
53155
-4012
-2803
3565
1864
19946
2145
-2937
353
1152
47184
-3640
53372
11859
16081
1575
45703
-1544
50290
-1239
-2342
51871
572
767
-778
-3396
-4314
2541
-3108
-646
3265
-3826
45
334
645
-3233
-2985
-2134
414
-4703
-2184
-229
-82
4105
-1284
-420
-2170
1343
-2442
-2107
1415
-2079
1353
-881
1828
3117
1618
1819
-1291
-1630
4202
412
3229
-1700
1908
187
2306
-2637
1596
-1318
1990
-1930
1234
1562
21416
-2716
-1746
-3271
2738
28204
-288
-2977
-672
-321
22728
1010
1139
-2525
-862
-4314
123
-3774
27404
774
1061
-1257
25003
525
1846
1702
2265
3064
-575
-3968
505
1102
25956
96
24237
2253
5507
2450
21950
-1236
29959
-1588
-501
28769
-4156
533
-967
1696
-506
-672
-620
-2794
1780
1488
-1554
-4105
-2669
-1295
2961
-1152
2610
-1426
-1210
1503
-2607
-3667
2720
717
-2212
1943
1138
-2953
1157
-3220
552
-2068
-2959
-2200
513
1489
1633
-703
-3868
168
982
-400
2645
-2436
-4105
-4071
-1015
133
-242
528
2089
3632
-29215
1028
-429
3504
-844
-40825
3264
1555
3767
1807
-38012
5081
1629
5417
-279
-1136
4411
3761
-38981
786
936
4213
-33856
-683
-502
313
1567
-7195
288
1989
3652
1048
-32613
1987
-39316
-5270
-1572
5345
-34740
1501
-40141
3139
1879
-29612
5141
943
14
3534
5029
-303
1673
2094
-1180
3737
-688
4152
4077
2412
1573
3002
1634
3230
2440
-6774
1131
-5108
-2892
-2960
-1406
-3619
-2335
-2665
-1659
-5176
1273
-6832
-5131
-444
1759
-6197
-4434
1579
-1409
1436
-5467
-2040
-3568
-3273
-2654
-4318
-5594
-4203
-6132
-2093
-2286
-4978
1028
-5178
-1165
1371
2315
-26065
-3189
1858
-4775
-635
-7739
-5030
-5001
-4349
-3541
-2813
-1682
-3693
-24547
213
-1781
-5083
-3387
113
-2522
-1923
-737
-2246
374
-4013
-1050
-4080
627
-4646
-13100
1505
-1295
-4445
-18929
-4206
-26633
535
-3702
-25873
-2893
-1317
880
-1011
-4326
-3232
-1401
-1672
2954
-2853
-4108
-2935
400
-4783
505
61
-664
-1551
-370
-1152
-1588
-1404
-5113
-4190
-639
-6463
-4157
-2108
-6051
-651
867
-5544
-461
-2693
-1125
-593
-5851
1202
-7240
364
-2924
-4703
-1729
-711
-6158
-5753
-6138
-3106
-1575
-5765
2103
-2759
-983
869
-4897
-4249
1880
-26724
1017
-2457
-701
724
-14778
935
-4557
-2206
-3553
1315
-396
-3523
-22228
-2312
-4709
-40
-6674
-4215
601
3641
-641
-1640
-1044
-611
1419
-4184
-8339
-2026
-19308
-3078
-203
-708
-20412
-3866
-22225
192
-2904
-23439
-806
1429
-3654
-3741
293
1093
-805
-3572
-3017
-4711
1562
560
-357
-2855
1692
-2066
-717
-2613
-3368
-3220
-2755
-5358
-3143
-3135
-4310
-1268
-1778
-5224
-2663
-4317
-1938
-829
-4910
-4489
-1860
-6136
-1067
1533
-1873
691
-4665
-584
-3993
-5117
-5354
-3602
-2201
-2107
-5199
-1314
-1571
-4049
200
-3387
-3881
-739
690
-23680
-1195
-2248
112
-2657
-13455
-173
-4224
488
-580
-2164
-5176
-1832
-19180
-592
529
-4591
-3844
-3366
-4513
1577
-2991
-1168
3103
-882
934
163
-3106
-4329
-19524
-3537
-5893
729
-13873
-3747
-23534
-3206
-5197
-26437
204
-4295
171
-315
151
657
-3885
-3678
3000
-3400
-4030
-2540
-464
-4581
1608
-532
95
-907
-4640
-162
2647
-7641
-1123
-3221
-5684
-2003
-917
-1265
-553
-2090
-3204
-4020
-4969
-1754
-1177
-3146
-3433
1694
-4030
2108
-4794
-276
-753
-3994
-4845
-6821
-5260
-4031
-3927
-4872
-750
-3160
-3762
-4557
-2667
-4963
2017
-20791
-2389
2592
-3863
-2499
-7413
433
-2496
-3791
588
-294
-4242
-2939
-19497
-4227
-4819
-1024
-3646
-3910
-1737
-2849
-3916
-4042
-1083
-967
-1461
-2675
-4013
971
-8925
677
-957
423
-13443
-3922
-22910
-2857
-467
-21051
-2288
1240
-2102
-1607
-3772
2581
-121
-629
2611
-1922
-270
-3607
-2712
-1891
2385
51
-2223
-4145
-240
-6049
2907
-1203
-6606
-5278
-1516
-3904
-6017
-971
-4751
-6368
2936
-6812
-4307
-2549
-356
-7040
-3009
920
-5148
2803
-1147
-1778
-6062
-5814
-1031
-1264
-4443
-675
-647
-4196
2753
-1326
-2114
1612
-490
-1483
-1368
-26391
-3121
-2732
-2037
-1243
-17918
-3334
-3133
-3656
-4074
36
1223
1667
-19819
-2232
-4689
-2431
-10960
-2976
-96
3736
-2787
-157
-2748
-3231
996
-488
-5188
-3918
-22911
-1850
238
-4697
-16290
772
-22117
496
-1423
-23198
-1489
-3208
589
-4718
-1948
2520
-3967
-2671
-486
1744
1103
423
-250
-1990
2670
-2554
1428
-3522
-1477
-5948
2622
-7675
-7049
-1553
-3557
-1216
-4082
-1533
-3050
-1362
391
-3331
-2396
-2526
2334
-5994
-3703
-3291
-5922
-577
-5267
-1848
-5833
-4307
-6869
-7905
-6237
-6997
-1471
-5280
2097
-1487
-4258
-4386
-1258
-4965
-680
-22596
-938
920
-2688
-4003
-8975
-1704
-3655
-707
-2985
1545
-2896
-3691
-22731
-3719
-557
-1944
-2958
-4807
-947
3210
-4795
-2650
-793
-3567
-4654
-2352
-2865
508
-18585
692
-1707
-5094
-17953
739
-22759
-4707
-4919
-25598
-2673
-4495
-4747
132
-1204
206
-4241
-3830
1
421
-169
-4721
-4294
-4962
2664
-227
2660
-4029
-1363
2736
-1428
7411
974
3146
4814
5521
6401
3586
6221
2180
-1847
4777
3486
6310
925
2339
5313
795
6261
-2579
3866
6870
6872
736
1781
7828
7346
4098
7331
2193
-1862
4669
4404
243
3062
5384
594
21169
3682
-2656
5428
3428
12706
938
3497
2126
-482
438
5960
4261
23524
4840
4496
4018
7148
-424
3420
2006
2513
6739
251
1346
2708
2671
6677
5711
17173
-2122
4448
2809
15841
4015
25441
4466
4771
26462
5325
4777
3687
3874
2907
537
3368
-273
2990
1171
5481
2531
5831
2709
2275
1598
-251
5488
1916
1732
-2710
6280
2339
4852
-1419
-432
3480
2048
75
1000
3477
1345
2227
992
711
4785
4929
-1204
617
901
-551
296
114
-914
3899
4211
3161
2691
-585
2080
-2092
288
45835
-1521
-1805
-1153
3283
52379
-1005
200
-906
-1279
45333
-2916
1589
-2517
1752
1264
-4208
-2666
51900
-3189
2196
-1666
44170
1827
-850
11711
2238
7873
2328
-3566
-1081
-3198
41061
-602
52792
6348
7819
-2291
43175
-2430
42740
-1921
1270
41550
-2554
1940
-2997
-374
776
2533
-1599
-1450
-1154
1377
-3420
-107
-501
-3944
1707
788
1877
-4220
-2217
-980
1565
-1665
1060
-813
-1117
-3995
76
-1107
431
-718
316
-1540
-1693
2671
-810
-3758
1103
-1977
2546
2239
-2257
-2201
1309
1246
2055
-3477
1379
2233
-917
-1605
-2948
-367
-33450
1113
123
3202
-505
-44054
-558
3105
2444
248
-35941
5300
5234
22
3463
4668
4691
4816
-38963
3470
-605
1119
-34873
1199
827
-2568
-152
-6378
1212
4776
4524
5974
-30262
1309
-39072
-6248
-6812
-1026
-28953
4509
-32410
4044
538
-26503
1112
3203
-225
4032
-376
1602
2671
1317
1264
383
1198
3276
2294
-1045
-1778
5051
-1053
3817
2075
3273
1337
3716
-163
-404
-1589
1477
2365
2857
1356
-1745
-2501
199
-620
-954
240
2510
-775
-1170
141
808
-2499
-2553
-1314
-1723
-1932
-2098
2180
-709
-1205
779
-89
-1151
13524
-1300
1399
429
-322
26218
-2298
-2261
-499
1166
13795
-3332
2332
-1370
1962
-4687
-1776
256
26347
-1568
1977
-1215
20519
-3059
542
-1563
982
-272
-1504
2502
-1971
2100
13488
-1839
24827
3846
5721
-2485
20030
-2695
25076
-3588
659
22010
2076
2086
-3150
-2300
45
-1201
2774
2105
-1995
-717
-2824
-1271
561
3037
1198
1928
2755
1408
341
4352
-2392
2696
766
1784
1731
1613
5775
2445
-285
4017
457
3902
1689
3887
145
-61
3623
-375
4268
-2381
5187
2247
171
453
-168
3262
5541
4225
5968
2863
1449
2780
3063
5285
3302
4411
-3289
3335
3156
-2460
2477
3048
7381
-197
3252
5798
1273
420
5033
1032
-1453
1103
3764
2313
4242
493
2699
2273
1589
11093
-3926
5669
866
2664
1498
348
7441
-2216
10249
-885
12449
4458
5217
4516
609
23009
3133
2547
3517
4653
952
545
2093
2236
-1632
333
5057
394
2615
5820
3043
-554
-882
3963
5789
-1259
-1365
-3077
139
-1287
-2596
-4205
-605
2133
-1886
-180
2801
178
-1903
-1686
1897
-2341
889
2052
-1841
927
1859
1492
2036
-1170
2275
219
-502
220
2134
1431
-540
3672
-28205
4732
226
1348
-615
-44818
1114
1107
6097
-580
-36879
2070
4817
-1091
804
1463
-244
3993
-35382
2570
459
-537
-29797
1261
1885
3280
3413
-12152
-148
738
3299
1536
-32019
1893
-37353
-4449
-5322
707
-34629
3217
-39724
-545
3183
-39623
1058
3143
-1081
752
4208
-1931
1666
4698
-1181
4669
2278
3910
1064
2004
1627
3439
1191
-1001
2851
-6639
132
-5191
-5562
-1082
-6390
-2252
-557
-3748
-6365
-5147
-2076
-888
-4472
-265
-2491
-6617
-5522
2837
-5172
-2296
-2629
-622
-6743
-1912
-4566
-5308
-5261
-1912
-2468
-1343
-2500
-404
-221
-5264
-1917
1115
2947
-26039
-4828
-1950
1633
-3979
-9233
-5222
-1252
-3463
1145
-3504
-3481
-4310
-20847
-4527
-1079
92
-842
-488
-5118
2547
-3974
-207
2354
-4406
-3360
45
-1824
-3060
-13237
-3336
-2288
-2719
-17602
-1573
-23899
1117
-1765
-23376
-518
-4018
-593
230
-1505
-2044
-1608
-2058
-98
-4028
-2797
-1705
-4563
-606
2300
-1814
714
-883
39
4533
-743
3333
1277
1102
-665
1910
1247
5743
5204
5575
2047
1133
1032
1668
-3015
5723
5239
2312
6032
-1258
5415
-49
4521
3482
5603
2227
-287
479
2103
1832
2573
2260
3763
2456
3528
3014
-2168
-2002
2888
-763
2236
2130
2910
4629
924
2119
-428
6159
670
3828
-4371
1175
3603
5771
4815
4414
4398
588
4864
6260
-1584
2153
3475
407
3612
2675
1625
969
8198
-437
7824
2560
-2934
2783
5462
16842
174
1181
-93
6026
636
1646
4143
1117
3621
2929
-554
3001
3238
4533
-815
4969
-2581
3774
3982
1823
-823
-2254
2369
-2106
-3454
520
-1815
563
2344
963
2373
83
1393
-3791
1809
2193
1051
-3208
-3164
340
704
-2905
453
1611
-3581
314
-1157
-3393
941
-3109
2616
6126
-22319
4339
2788
727
-3259
-38698
3064
-509
2924
174
-31635
606
1567
-188
5861
826
4925
1018
-33592
4857
-538
2213
-26540
969
2900
2192
2045
-7044
1517
3221
3245
3337
-21975
1025
-36108
-2429
-10195
-512
-29285
3456
-32950
2882
1014
-29878
2794
4468
3862
5657
4052
-3243
128
-403
-46
717
36
384
1701
3818
2821
-511
-1747
5273
4483
-3987
2317
-5607
-3854
-2179
-3205
-2535
-922
-890
-32
-5366
-3024
-2808
-4741
-5867
2936
-3589
-3861
-1738
-3193
-2878
-2669
-5330
-5354
-5339
-4978
-6238
-4889
-6312
-4177
-983
-964
-337
-2683
-5034
-3240
-2880
1564
-25348
-898
1129
1840
-1675
-11007
1533
1542
-2637
-4116
1902
-1623
680
-22479
-989
-1551
-3725
-3828
-3637
-3105
1676
1130
-250
-1300
426
961
-4160
-6946
794
-15246
2076
-1411
19
-14341
150
-20642
-3718
1157
-23952
-1510
-448
-2866
-1911
-3649
-70
-2546
-553
3004
923
-1641
-4879
1229
-1850
-973
-191
566
-362
-2844
-1187
124
-8863
-857
-4280
-676
-2248
-1900
-2162
-2038
-455
124
-1538
-4473
-2129
663
-5293
-1549
1957
-1659
2799
-6123
-4276
-1786
-3685
-4689
-4175
-591
-1511
-3905
-1527
-3143
269
22
-843
-2171
-1425
3186
-22645
-3900
1038
-2033
-2295
-7812
247
-2769
-4744
-3446
-4438
-4274
-2953
-22538
-445
-2252
648
-5978
-3688
-3425
2353
-2289
-4033
2835
-4934
-1638
-388
-539
478
-10245
2654
-439
-2230
-15958
-412
-24982
-5145
-1640
-23716
-4488
-1466
-855
996
-3426
351
-4999
-3671
947
-3719
-2120
-4887
-1026
-1070
-1616
957
-3489
-491
-4607
4175
-440
9100
3624
187
5569
860
4734
977
2871
1147
1266
5962
1221
4255
470
3613
2126
-2626
6190
-2099
6606
2195
4802
4626
3354
8249
1375
6374
319
6983
-869
5216
-903
2380
910
621
901
29047
38
1652
1887
4212
8613
4377
5009
3654
5767
3840
5341
3180
27858
356
1902
3416
3562
3927
3390
-1401
481
7853
-2794
3732
474
-384
3812
1996
19054
683
2931
2435
19562
3477
31276
977
632
27843
1882
2753
2659
3668
1291
-1144
5497
4450
1942
293
4761
5697
1237
-695
1356
913
1662
1396
5444
214
563
1282
-682
2325
3336
-1832
1194
3220
2234
-2089
202
2645
1759
-2223
-366
-1421
-405
340
4078
2137
-1016
2922
-849
1791
-1954
24
-249
4315
-1266
-565
2146
-2898
14728
2214
-3184
-3482
255
25795
652
1615
-4687
2088
19412
1344
-2797
395
1523
446
-2718
-2577
24893
390
1988
-597
24098
-2156
909
551
1920
639
-702
922
-1771
55
21806
285
23027
-323
-93
-1913
17623
1279
26417
679
-3830
26363
-455
-3026
-3037
251
-338
-2037
-1029
-353
2147
-1880
-3020
684
-2284
-1641
-130
-2700
-2111
-2187
2114
5107
-1112
12207
2587
2381
6548
2425
1793
7068
2030
6748
2901
2133
3773
7356
-2141
2713
7109
-2462
5330
-675
1364
1686
6005
5414
4433
5802
4703
3597
5937
3706
-819
5500
2074
638
4182
3647
-36
21050
559
495
4620
383
12604
2628
4323
5118
5386
6419
2802
4580
23387
3727
852
2250
5981
3231
3909
-1198
3634
7225
-3853
5312
-84
2151
4616
325
20124
809
2769
1521
19018
4376
22863
4309
258
23201
5795
-218
5083
5912
3868
-742
1632
461
58
4576
1044
1458
3175
4763
50
2402
-2738
1670
4095
771
-508
-3125
-873
-1036
1067
-2427
233
2625
855
-1875
-1218
-498
-331
2083
-2117
-4215
1549
-1198
-3166
1543
-3725
1580
-2109
2197
-4012
-7241
-1743
2438
-3275
-2777
3405
4094
-29222
-43
5242
4490
1900
-40944
11
-3149
-972
5619
-35103
4256
1300
5405
3770
4433
4553
865
-35766
1145
4613
2925
-36597
4924
4193
396
374
-3658
1876
1500
3840
1238
-27097
52
-39316
-6050
-4409
4129
-26390
3782
-29892
-349
902
-26931
6034
3761
1811
5282
3131
-3423
3025
1379
-2101
2958
4351
-254
5971
2513
324
-846
-476
3956
11
2400
1233
7820
8032
4608
5164
3450
3325
6572
1285
5219
2684
4021
1798
1746
-1430
5545
7141
2802
5857
-741
5630
4861
4465
5520
5657
9808
6179
7139
5574
4515
-2801
664
2339
4251
893
5542
-985
19907
986
-1138
1632
1193
14804
1572
1127
5950
2285
2525
4737
5560
21595
5842
3358
197
13873
1689
825
-2446
6002
6779
-546
1322
366
5384
11389
3093
19432
2294
4840
3281
17883
1444
25100
4442
472
25902
2029
1750
4115
1846
3351
3482
432
5494
782
2573
4210
1576
4461
1889
-273
465
3295
5151
121
2556
-699
-1434
-2057
1979
94
727
785
-1635
-1162
-1256
416
528
-1293
-3814
2361
-449
-2621
-1227
-177
-3447
-2023
2051
-968
1922
-1662
282
-2655
947
-3046
-459
-2937
2361
-30120
4303
1503
2673
-2427
-47557
3454
590
2549
475
-39001
2716
3490
2882
-717
5193
1530
937
-41889
757
5548
534
-37026
3407
-1235
2258
3502
-2677
-1351
4820
4018
4708
-31594
588
-39611
-10896
-10069
3439
-32030
2604
-40036
2568
1023
-35254
2373
2460
-1384
623
775
-322
5031
-122
-2215
4959
2290
665
2376
11
-170
525
-864
2534
5038
6473
789
10501
8018
2783
2354
5123
3103
5886
7074
5448
8
6415
2241
6410
-839
2921
4331
3640
3770
-1999
7044
4372
4045
6701
6678
8175
7916
1772
3559
7622
-2478
2145
6177
2905
3311
793
868
18868
3011
-275
5634
-321
10547
5659
5985
2631
4952
2317
5728
821
18078
3064
1182
4802
11699
4871
-252
-1837
1045
5744
2689
4096
-19
-623
11013
4427
21638
-1132
1819
5256
19813
2836
19513
5783
4239
24132
1864
2618
5458
2844
4806
1868
1212
-660
2440
786
3900
4606
1808
524
3461
916
3255
5299
5688
-309
-804
-2866
-6391
-2937
-5743
-6170
-1341
-5042
-3885
-6553
-2152
-2444
-509
-2546
-562
-5610
-5621
-2333
-1298
-1809
-2325
-1936
-5683
-5086
-4662
-5974
-50
-5053
-6227
-6118
-323
1736
-4640
-1552
-1879
-1942
1187
-25171
-322
724
1872
708
-8849
-3840
-1909
-4532
-662
-482
-1972
-5073
-24323
-204
604
-3990
-6704
-1206
-139
-982
-2212
-328
-1106
-441
-2367
810
-1839
-719
-13248
-792
-3989
-4636
-13249
208
-23755
-4698
1507
-20350
-4746
-900
-1994
84
-2109
-1354
-2205
-1570
-2215
-2
1163
1350
312
-3875
970
-3106
-151
-3824
-2913
-5827
-297
-6559
-336
-1876
-1498
-5301
-2894
-3619
-2656
-4780
1357
-347
-2255
-2723
-402
-6516
-5419
-2018
-5428
-3475
-2767
-3247
-3146
-1672
-6024
-6949
-5842
-4035
-4478
-1875
12
-3601
-188
-2433
-2318
25
1070
-20982
632
2409
-4440
-3027
-7548
-577
-3322
-3565
-2432
-53
-4746
-4757
-19859
-1245
-2942
-5346
-3294
-169
-3820
-1083
-3958
-3844
493
-558
-4083
-4812
-1052
-4649
-9243
-2493
-5634
-2611
-14031
-4651
-23598
-3440
-3676
-24350
-467
-3794
-4461
-5101
1143
48
-2286
928
2086
-2982
398
-2418
594
-4137
863
-4891
-1673
-1973
-4532
4761
159
10030
4994
6623
6575
6889
6134
5452
6753
7679
-636
6582
5610
6519
-1266
4999
5106
1407
5405
2444
3376
3927
1578
6856
1695
7170
2114
5601
2903
7041
-2541
3872
12672
-1203
810
836
1049
24516
2893
70
2512
-592
14954
4740
4551
1822
3003
4496
-229
1896
17685
2284
1850
1135
21583
-409
3944
-831
5017
5003
-1657
2399
3151
1863
17419
514
20177
465
3356
2251
16972
4260
20880
1974
1382
24180
4278
-302
2258
2711
4649
2326
3758
-594
-331
3257
2683
4430
4152
3853
-1225
3589
-371
2525
4257
4197
-2722
5275
3448
-1970
3060
-1254
-1635
2155
-388
3443
-1199
-2161
-1544
-79
-2711
-643
-1679
-1585
87
1701
2997
-1896
596
-896
2390
-585
-1933
1877
-491
-970
492
-1887
28030
1710
-2719
1316
2963
41560
732
2842
-2750
1563
35345
-130
-1594
-3269
700
902
-189
1280
35395
-1920
296
-990
33236
-3156
1615
4
-2847
5156
-282
-26
-1613
-420
28970
1093
34630
2315
4965
1420
28574
-4505
31612
-3569
-2417
35722
-2545
-2762
-2940
-3215
-902
-3057
-2211
1515
-131
-1844
-2478
-182
1076
-4836
-2429
-483
-2080
720
342
-1762
-3411
-2116
-3673
-1939
-4914
-5930
-516
-5136
-5718
-5286
-2022
-6276
-4428
-5605
-1600
-2101
-3959
-1444
-813
-2509
-3380
-3948
-959
-2863
-6473
-1326
-5769
-2212
-829
-1798
-2217
1976
-6194
285
-1984
1097
3248
-24623
-165
2454
-547
-59
-15901
-941
1166
1533
-2287
760
-564
-2924
-21604
-2611
-979
-1049
-13004
1990
-830
839
-3218
-3533
1164
1896
-3531
995
-12106
-1752
-20723
-1011
56
-2919
-19910
-2991
-26804
-3335
2389
-25435
-4006
-3153
-1740
952
-832
3101
-1800
2346
2043
-398
-2892
-2806
100
-1866
-2390
-1871
-3133
-3716
-250
4582
942
6060
-1676
2392
745
3851
2087
1354
-304
3558
4034
3549
-947
-741
1225
2605
465
407
4354
-3334
3694
4194
-686
-1509
1926
1365
1338
1395
3947
1756
1503
-2365
40660
-636
-902
-1941
5672
61510
-1464
408
-272
-3141
54619
-2354
-4292
-1843
-1859
-772
1317
-1239
48762
-175
1484
-5257
48908
-5209
1301
5307
961
25262
4151
-3196
-2311
-3773
46044
-3917
53589
12057
17205
-1604
46295
-2849
52152
-1750
-3655
48790
1439
-548
1246
-1890
-844
-3050
-4236
1589
-1725
-3194
-1639
-2007
-5061
747
-3087
-2739
4381
-117
-840
6607
-1999
9229
4432
5182
5988
7351
1407
7052
2438
4171
1728
7104
6175
7097
-712
7297
4872
1553
6357
816
6412
2907
1109
6033
7207
7335
3880
2985
2985
6619
2711
1576
10199
4131
3629
-885
2563
22996
-656
944
1581
-167
18295
-286
877
-368
3645
-755
905
4353
20108
1556
16
3387
15714
195
796
-112
503
4952
-2222
4884
4324
615
13192
2708
21051
563
1385
-1229
14425
1313
22057
-617
4266
23935
4444
4793
-861
221
190
-2572
-760
4748
692
3984
-136
606
-849
3131
-2050
464
-442
-470
3875
-4497
2161
-10286
-3812
270
-3291
-4859
-1775
47
-2221
-1142
-559
-4991
-1792
-3949
1393
-1614
-3607
182
-228
-1937
-1997
-1983
235
-4985
-3982
-7564
-4937
-4972
-5294
-4283
804
-528
1698
-5235
-937
1445
-969
-7962
-4950
2931
-2398
-2399
-3326
406
-5040
-1843
-1783
-5012
-1546
-969
-20981
-193
-884
-469
-1004
-4274
-2463
-702
-3624
1341
1558
1220
651
-2597
-2189
-1256
-2855
-1459
-4209
-5017
-6831
-4799
-20650
-1892
-1133
-9682
-1218
-539
-917
47
-1071
-188
-4657
-5306
-3600
1131
-778
-2106
-4948
-2874
-64
-3902
-2087
-1652
-3382
-3083
-2007
5821
-3125
932
1646
1291
-2413
2114
1026
1764
1191
149
-2600
903
-910
1137
1884
-3600
-3253
-375
-195
1199
214
-896
347
5477
-3005
737
-2286
2107
-322
-4259
2936
-3503
-1665
-1827
321
34813
473
3256
-3071
-2655
17999
-560
-2812
798
1014
1301
-150
-1816
32617
-2540
-107
-4088
8722
-4783
-3056
-3687
-2717
3009
-1526
143
536
1408
6155
-2470
25491
1413
3843
-2933
23621
-3765
30351
-863
581
25272
-3972
-4938
1028
-4093
-650
2960
828
345
-182
-3929
-4913
-3659
-1651
-340
-2462
-3874
2195
-1587
-3627
2767
987
-4483
-254
-3330
-2042
2320
1035
-2304
829
-1543
-2006
-3326
2022
1452
-2003
-3954
333
-1960
808
-2117
453
1050
-1206
328
-2741
-7344
955
-808
394
-856
-2440
1051
-27314
2322
1018
378
2183
-47019
1780
-1992
2067
2423
-36393
360
1390
-562
5330
2948
2104
3125
-42365
4760
1466
3515
-36717
5375
2559
5
1506
-5338
235
892
4054
5595
-30653
3021
-41284
-6880
-1530
3300
-32018
1237
-40454
704
3233
-29131
2053
2131
1344
16
4642
788
5596
5177
364
179
3136
2365
-604
3297
-3095
5378
-934
2316
4042
-2464
-1004
-7316
-1639
-4693
-3893
-3645
-6090
-6696
-6423
-6498
-3050
-1018
-2321
-6886
-2358
-3221
-3338
2471
-2165
-1600
-5015
-5582
-6453
-1633
-5425
-4632
-946
-4626
-6270
-4564
-2004
310
-1309
-3321
-1235
-2863
688
-21083
-2339
-2760
-1816
-297
-7858
-4662
-602
-4382
692
-4299
-651
1355
-24699
-3073
-1612
-599
-3920
-984
-3562
2626
957
-837
2656
-1723
-5163
-3892
-2845
-1871
-17834
-3561
-3825
-3551
-13621
-218
-23938
-1553
-1264
-25169
-4362
-2233
703
-3858
-70
-1538
634
-4056
2002
-3036
-3801
-1170
-618
-2674
2326
-5249
2510
-4856
-804
772
933
-6217
2100
-1976
-3037
-223
2995
1500
1652
-1685
2627
-3110
-1307
-1022
2103
-792
-2594
1569
2053
-744
2449
972
-3328
2774
158
-8005
-1951
-2349
2523
-327
-2474
594
-30799
3293
4299
1725
-1987
-42171
103
425
-966
-713
-35540
4149
4182
4466
5094
1742
2345
-114
-42841
3948
1332
5095
-32805
4383
2483
-838
1400
-2547
968
796
3939
361
-33229
-1350
-41350
-2717
-4071
3698
-32012
4090
-38365
3163
-1253
-32756
4069
2186
-535
1990
4515
2634
2365
2855
-2722
387
2347
1649
3314
5161
1492
2623
-397
5540
-72
7170
3085
8003
1824
3481
7855
6106
7159
7409
5583
5134
-2183
6544
4066
4600
1483
5982
6662
1926
4743
-1816
4093
7155
3850
5260
2763
8006
3446
7511
1489
6894
-1843
2990
7113
3646
3844
5860
-2
23045
4191
-2879
5721
615
11508
2175
-660
4333
435
4039
3147
3888
23044
-359
-132
4152
11997
-757
5300
1978
22
6950
442
3495
2739
2988
12766
2820
21556
-1630
4055
5285
14730
1128
25761
3783
745
25810
4211
2681
4504
5955
2035
2739
-94
3790
-2587
1080
4851
2930
3622
4668
3376
112
-2136
1543
1965
-4725
1601
-3492
-1522
-2040
-3658
-5798
-4962
-4777
-926
-4627
2134
-2580
-4982
-1637
2232
-3637
-1485
-3312
-1862
2969
-3515
-6125
-5659
-6079
-1715
-2103
-2753
-2168
-6050
-1994
775
-2456
-5179
-308
-1957
-2546
-2293
-24079
209
-589
-2003
-1563
-9461
-5025
-140
-2385
-4974
-2899
-2829
-2534
-23471
-3752
-5117
307
-4904
-1525
-906
-1784
-1822
-979
986
-2176
-4994
-1096
-1336
-2550
-16284
2308
-4357
-364
-19282
-5148
-26045
-4974
-5201
-21634
-4391
-1911
-4938
527
-1672
830
639
-1270
-396
-4115
-3701
-3779
-847
412
1587
-4536
972
-67
-3678
6429
-2152
10404
5434
1819
6344
3418
6117
4637
3410
1752
-1115
5407
1462
4270
2005
2781
3377
578
2329
1757
4026
1768
1813
4756
2120
11379
6233
4933
4497
2588
-1043
5034
1219
-9
284
5702
-1662
23566
3835
-1867
2886
2622
11724
152
4281
-278
4653
1387
2961
5460
22436
1671
2385
-612
5149
293
4180
581
5117
5423
2587
3755
3637
3574
4266
5527
22302
-29
6304
4753
20799
5319
28533
-19
5106
25804
2543
1011
1673
4045
5090
-1544
3914
4519
3288
4664
4334
1051
1577
3405
872
2104
2996
2134
-80
2321
3229
6398
2694
4561
6013
6349
4553
2362
5571
2126
1613
4002
1541
6171
394
4460
5344
3372
2778
2344
7190
6036
3852
5191
1779
10819
475
2824
3949
1907
-1220
1444
809
1829
2851
525
3054
22937
-185
1370
6792
536
5859
2545
2184
4428
4291
168
5628
1748
23393
5073
233
4555
3818
1454
2168
-1701
2996
8210
-2349
782
1595
3492
1312
4559
19006
1066
2899
251
17269
1607
29017
149
5123
27590
4266
2072
2468
4014
1837
786
1347
4243
3242
1536
1261
-680
4080
234
-2740
4088
636
5765
3873
-1429
-661
-5293
-6367
-6638
-2680
-4097
-180
-4240
-6267
-3118
-3006
-6261
-1823
-1956
-809
-1662
-933
-141
-2493
2963
-5061
-3756
-2792
-1741
-1542
-4128
-1778
-3183
-6077
-5227
-750
-3593
-2892
-2537
-2758
-436
-187
-23714
-406
-736
2706
-2544
-13479
-1291
1052
777
-2795
-864
-1600
66
-23930
-2341
-1434
-2163
-7762
1764
-2909
3625
1846
-5582
1277
-4373
-4094
742
-8214
-3413
-22769
-1796
-5187
68
-16296
-514
-24812
-3412
-2359
-22934
-3377
850
-2630
-3038
-674
-3494
1964
1587
-3253
-3822
1755
-3230
-2257
-2548
-2345
281
1652
141
-1437
6140
-2091
8841
5389
5518
3535
2048
5320
6128
799
840
-1671
3946
4118
569
-2228
2722
4733
-1285
3839
3472
2527
1922
6085
2154
2268
10639
3746
1407
6601
4026
3198
912
1694
3586
4366
5344
-2340
27639
884
2413
6801
755
9476
600
1925
2801
5489
6334
-83
154
27703
5568
5557
5552
8701
1932
4352
1593
4995
4677
-3258
3875
3766
-478
3700
5295
21711
2612
3441
1975
22791
-280
25718
5052
5804
32181
-292
2476
2247
1520
-518
-3023
251
4733
905
4875
4494
-109
4999
5142
-2684
4935
-72
-478
3887
79
2880
1264
-2294
-1349
180
1300
-689
-3437
2033
-582
1241
-151
1671
-684
-3552
1283
1416
-1362
-290
-3394
160
-647
-1815
774
-399
2834
2205
-2730
655
-1880
609
1236
-28344
-471
4840
4314
133
-48289
2981
-1164
6198
2745
-40847
-508
1628
675
-1177
411
2713
4657
-38579
1323
4359
1239
-31738
-1350
4589
-1732
2656
-5772
2269
999
-739
4714
-34915
-1080
-40988
-5364
-6171
3897
-33975
738
-38188
1724
2878
-35851
872
1208
457
-682
3072
2531
768
876
-717
4196
-1220
3324
1380
3779
-3086
2689
682
552
3427
-6758
2894
-7166
-6635
-408
-2915
-2748
-5077
-2070
-6586
-7127
417
-5711
-4516
-3472
-2667
-4244
-3041
986
-5579
-3497
-1782
-2181
-3141
-1821
-4714
-4610
-608
-1335
-612
-5383
2484
-619
-5044
-578
-5103
-4728
3335
-26473
-3849
2042
333
-1582
-14686
78
524
-351
-4768
-177
-2189
751
-24369
-3402
-2908
-4032
-8047
-2276
-2062
3635
991
-4132
3240
1274
-436
943
-1805
1292
-18014
40
-5325
-1989
-17953
-4022
-25542
-3913
-784
-23740
-4541
-2917
-3793
-2429
-3867
-365
-4398
-2980
3043
-2616
-4415
-2617
-1349
-3502
132
-3604
232
-188
618
1994
-490
6144
4874
5623
2907
2197
4136
5478
1738
3029
-2504
4288
682
3882
-939
5763
5820
-1126
4280
3614
2231
4716
4158
5521
5477
10145
5278
5072
5811
1089
-574
5078
852
2154
3771
5652
210
30761
-808
-920
5223
1391
6167
1192
2877
1284
2738
4191
768
4110
25739
3554
2908
-797
6686
5678
5147
-2958
506
8546
2351
818
1460
387
7772
3658
23965
-1532
5963
3239
21698
3287
28023
5337
-385
30909
3173
1412
233
4647
2623
-3028
5079
5244
1688
5520
4731
-801
3795
5630
1406
3619
-451
-487
3468
-6898
-3046
-7599
-2567
-4937
-2353
-1498
-3645
-4630
-2983
-3686
-1260
-7247
-2162
-1365
176
-3519
-843
-88
-6505
2727
-6222
-825
-3740
-3670
-1972
-1517
-2187
-3873
-5493
-6848
-2141
-38
-1986
-877
-2903
-4778
2188
-25657
-2587
3230
-2450
-676
-12043
-9
-4327
-1871
-3252
1541
1033
623
-19504
-4302
-2828
-2144
-9247
65
-3668
-1309
-3684
-746
2632
-4013
-44
-1834
-3559
-2174
-16932
-1713
-993
-5037
-16541
-3965
-20415
-3139
-2221
-20293
1264
-3968
-4913
545
902
1322
-2051
1025
-610
-3327
-1187
-2328
-4863
-125
29
-1987
-1894
-3347
-841
6396
2117
9405
2992
7951
3812
3392
5774
4441
2910
2860
-2902
2347
1985
2574
-3035
4949
5153
2553
2011
-1199
1760
3206
4757
1712
6462
5624
2836
3380
7101
6639
-1060
890
847
3824
5227
3225
-3338
19585
928
-1217
5329
4774
11083
3111
694
-76
569
4793
3282
1968
19776
821
1875
-381
11593
3658
1073
3013
1514
4947
-2674
1892
2795
3848
4422
5022
14727
-1288
3101
2388
13364
2923
21300
3204
2658
24911
3659
5720
4824
3972
1516
2177
2342
4371
1925
997
2177
4098
5880
3650
2180
1827
-2461
3453
3588
-3206
-111
-5040
-3827
-4777
-6723
-3621
111
-2632
-2080
-3681
-574
-1371
-4712
-4102
-2563
-7146
-1322
-734
-6960
2034
-3496
-3995
-4317
-5110
-6288
-3904
-4013
-987
-4759
-4691
-916
-3050
270
-4204
-3619
-2277
2753
-24009
-3499
648
-874
-1629
-5626
-512
-3268
124
972
-292
-5214
-2502
-24390
-3563
-4888
-1120
-6138
-945
-3362
2565
-4273
-674
2932
-3663
1303
-4964
-1842
-3787
-11729
-567
-5953
-1064
-17738
-4068
-21642
818
1308
-22596
1321
-236
1448
336
-1958
1430
-580
-488
-552
-4271
1069
-4953
-4297
-2576
-1214
439
31
-4357
504
5931
-2880
11034
1794
3544
8115
6651
6472
3868
1350
3917
2069
7408
6351
3682
2150
8038
1950
-788
2813
-2503
6525
7421
4583
3870
5290
4240
7274
4526
6896
8537
2605
3912
4639
1680
6011
2097
2952
19843
-476
3126
4848
-175
14549
761
3294
3192
1063
2843
1159
4761
18830
5999
989
5505
16438
3767
3715
-2833
2347
6848
-2019
1792
1920
1820
9202
4163
21309
370
2672
224
14580
1952
23189
3842
883
27289
1682
4092
5335
5128
5869
1339
3104
4400
-2721
5477
1212
-622
4458
484
755
1407
-348
2516
5091
1205
-1288
10507
7422
7482
1773
3568
3244
3436
4632
6021
265
5456
7697
1442
1838
3715
4810
2801
6271
764
2911
5286
4796
7682
7899
7191
6462
5531
6434
4227
156
4375
4669
170
3650
5955
-1954
26365
2325
-1942
3312
4610
12250
1199
1075
2218
578
4408
4257
3974
25098
3795
5659
2076
13401
5248
738
-1389
2440
7597
2433
2199
4787
2198
9823
5860
21516
2001
5693
2787
20631
2023
27272
5599
2477
27421
1667
-2
5862
276
6037
-1574
3541
2438
1643
4618
1172
4553
784
5058
1846
6047
-214
5666
427
2600
1338
3859
4192
9
-728
89
3930
3031
1945
3894
3148
-1492
-787
588
104
329
1337
3339
1534
2614
-116
639
1373
1394
2215
4031
-1201
2031
3725
3440
-2268
-3746
48321
-2951
-2372
-3042
2298
53531
-269
3359
-1784
-3943
47644
459
-188
1040
-4439
1230
2086
-60
49299
-1446
-2276
-1257
44309
-2727
-1403
2757
-2923
11041
165
1570
274
794
45021
-1781
49192
14551
15771
402
41672
-401
42815
935
-1092
43005
-4044
-286
70
-652
1966
-786
2098
-4113
1384
297
-3482
-3002
360
218
830
-815
917
707
-3331
-1463
-1040
-8659
-1109
-6751
-5112
-875
-451
-1570
-3245
-4570
829
-3446
-6868
-2133
-178
-7430
-4858
748
-3950
-337
-5815
-5015
-1843
-464
-1480
-1377
-1632
-3843
-6382
-4039
-755
-750
-445
-520
-3715
182
-1542
-22850
-5150
1171
248
-642
-11513
-2055
-3126
-3529
110
1522
972
-641
-22439
-2894
-3894
600
-5441
-4237
-1896
1421
-4144
-6317
1998
49
-2670
-3956
-7
-1485
-15183
2062
159
-2990
-15162
-996
-23216
-3052
-1855
-21799
-4346
-2130
-1068
-4177
-50
1119
-3196
-2395
134
-365
-2779
-3776
-4746
-3401
314
-4674
-527
-3911
-3443
1921
2366
13657
7222
2447
5738
6782
4610
4660
6083
6131
-208
5166
5363
2269
696
7135
1336
2703
3253
3486
4353
4126
7386
5665
7132
7115
4449
3740
6237
3455
1585
6454
2087
4577
3434
-189
-1943
13031
2575
3079
7498
940
8670
3068
3350
1898
3298
6189
4404
752
10567
4678
4733
2843
6866
3107
3487
988
1635
6719
-2574
3154
3605
3120
8417
5887
11800
1814
9439
2583
23888
3196
20280
6045
218
33361
598
3783
2579
5861
5104
-122
4082
6009
1710
4511
1270
562
5226
1091
-2180
1809
-1931
1981
5990
2104
2951
9895
6116
7570
3130
3258
2027
5566
3208
4736
-2244
7881
4849
3895
2902
8359
1351
542
1945
-2178
5109
5842
3062
5548
6003
9122
5775
6541
4899
1772
-1087
2321
989
237
206
3151
556
19495
885
2019
2560
4866
15379
2804
4665
121
682
1289
4574
602
20531
3246
1989
21
12409
3017
1408
-2743
2939
4680
-1096
2448
-669
1978
9027
2435
19139
1521
4257
5457
17394
5446
23696
3257
812
26715
4345
5252
3562
80
4726
3395
4830
2452
606
5812
5296
-418
2262
-14
26
17
340
-688
204
-2421
1330
-10568
-3654
212
-2028
-4194
-3660
-464
-2115
-2523
-73
-3600
-3002
400
1918
-1685
-1577
-583
-5539
-2364
-1280
-1248
-2002
-4266
-826
-9822
-1535
-1445
845
-2412
-2017
-5327
-2219
-2303
-237
-3534
739
-3953
-2167
-2415
-5204
-5081
-1747
1062
-2253
-1252
-2721
-3432
-2383
1064
-23218
-1502
-4179
-2196
-899
-3005
947
-409
-3187
-2424
1970
-1367
-3560
859
-2611
-766
-2336
-778
1094
-2892
-3360
-2396
-20458
-2992
872
-6996
-2482
-5328
-1585
-932
-4288
2124
-30
1135
2347
-4843
-3894
-2777
-191
-2360
-19
-5179
-406
208
-4084
-4646
757
-7269
-956
-1517
-2605
-3258
-5986
-2405
-2735
-1797
2082
-5901
-298
-6161
-1274
-3420
-1112
-1764
-5019
-1323
-6092
-1006
-5109
-6382
-4562
-2051
-2319
-3031
-5142
-1478
2634
-5331
-4183
1130
-5283
-1869
2981
-18701
-2080
-82
-2972
-4178
-7986
-1117
173
-4218
889
-1507
-1391
-3357
-21545
-2355
-4044
-3326
-5172
-5039
-3316
3161
-1970
-2204
2444
-3778
-4606
-4673
-5051
-2387
-8887
-1868
-1719
-3925
-18133
763
-23464
446
-3568
-21205
-5121
-5234
-2902
485
-1662
-3176
-3820
793
2220
-4266
-4161
-1806
-4029
-2131
-1272
-917
555
762
-1945
1937
-2900
4211
2499
6060
6086
6329
6325
2694
3672
6275
1626
7097
1614
7772
661
2170
3088
2168
5782
-225
7250
7833
7482
3576
1803
5597
5529
4623
3148
6410
-2418
3363
6355
2307
3591
589
-2475
19376
1943
-153
768
3629
14339
4345
529
-516
5059
1745
5222
2826
22837
5747
3698
1024
9262
921
2328
-1439
-660
7434
-3106
1336
2302
1323
6801
-743
21370
2485
798
543
16454
581
24717
3045
1404
24845
183
17
5147
3875
221
1134
723
4793
-1141
2276
3262
1774
2246
1411
-2300
992
1062
2342
274
-503
-1441
-3052
-1132
-6302
-5222
-4467
-5756
-5595
-5714
-6040
-1127
-6135
-5497
-6641
-1755
-859
-3147
2678
-6019
516
-6341
-2481
-908
-5368
-2448
-4440
-6272
-2439
-5159
-5677
-2758
75
-2863
-4107
-4205
-3153
1558
-22391
-257
1809
-2937
-2302
-8675
-941
-1635
-1488
-1005
-200
223
-2622
-24096
-1640
-3678
-3955
-2487
-4652
-237
1371
-4128
-1354
3383
-3954
144
161
-6041
-5148
-17366
1552
-3487
668
-18959
-3287
-26928
1117
-4778
-21206
-4436
-2276
-4244
-2186
-3044
2257
-2659
561
-1751
-404
67
-3563
-2369
1195
-885
-961
1641
-4946
-1218
-3583
-1647
-8768
-2751
-210
-5287
-3282
-6101
-928
-2077
-995
-614
-3896
-4128
-3163
923
-1295
-6618
2296
-2980
-634
-5932
-4162
-6232
-3995
-2593
-7072
-1228
117
-1517
-2208
2389
-3141
-3892
987
-4370
-5094
-146
-26381
79
195
1595
-3408
-10109
-3670
-2149
291
1175
1337
-1360
905
-22383
-4392
912
-677
-1019
938
754
-2494
1279
-4945
1504
-4716
56
-2308
-288
1018
-13988
215
-3761
-943
-19280
-1384
-21833
-4491
-2887
-23428
-1100
-1479
620
-3652
-4309
1149
-2565
-809
-1267
171
-3822
-4700
-3873
-3329
-58
-2291
2525
-602
-4901
-3708
2736
-865
-54
530
-3693
-3474
1646
416
1527
1227
1005
1936
-1898
-171
3701
-1129
1671
2861
474
1536
454
518
1326
1147
767
-7433
76
-734
-2415
39
2037
-67
-29757
267
2809
4337
-479
-42446
3408
-203
-339
669
-36615
4382
4746
1562
4399
-955
412
-644
-42365
4593
1427
2077
-34524
2147
1077
2106
4031
-4563
-58
166
1234
2099
-29636
3938
-38759
-1603
-7007
305
-33420
1332
-34526
530
2457
-27284
5152
2567
2656
3279
1975
515
-981
3456
1204
-996
5606
3629
2664
1616
2607
3480
616
5281
2929
-4956
-1927
-4412
-4542
-6030
-6320
-5912
-5790
-3510
-5248
-4537
2878
-5698
-2784
-5499
-2632
-868
-6509
-502
-2800
996
-2861
-1555
-6525
-6186
-5271
-1181
-6937
-6745
-1928
-7504
-218
-3182
-1222
-4854
484
-3128
1547
-21939
-3997
2875
2036
1352
-13398
-2481
-4517
-2130
-3338
-3411
-1653
-2122
-23318
-4836
-4298
-1398
-10212
571
-1666
-1876
592
-5606
2064
-3349
-4162
-4781
-5914
-2346
-20176
-3584
145
-1894
-15677
-3842
-22237
1311
-2408
-24601
-3157
-339
1622
295
-5027
-1722
-3561
-451
-2391
-4840
-1022
-3030
-392
-3793
2801
-2191
-2348
1178
994
4188
-660
6575
1689
5098
1511
7122
1981
7121
5409
2595
-2570
4885
6679
5635
-2393
2184
5884
-2887
6437
502
2475
4761
6258
2232
5685
5341
2023
3284
4327
6407
1322
4547
2445
1725
-584
4660
-1301
19987
693
-2306
3466
1360
8436
-470
12
1465
5970
2923
-338
3828
18049
3525
2640
128
6803
1128
143
-1782
4573
8083
-3680
5853
4194
2802
3745
3235
22033
-217
7809
2692
16034
5914
24286
3373
-220
25962
5768
4883
3322
1266
3258
1282
637
3579
-2404
5996
4480
2251
467
4592
-1648
5950
615
1370
454
2743
1946
12015
2135
6190
1892
989
2231
3317
4598
4003
3421
5102
5596
5584
-2052
439
2326
-2840
1562
2046
5889
2890
4410
1680
1216
12334
1048
727
2588
6562
-1451
2734
-755
4230
4242
5141
-3259
26725
328
-2354
4808
625
8230
5606
3859
5015
4322
1756
3026
3762
32721
-747
-181
811
2369
3696
4567
-818
5395
3728
2048
3262
493
1235
5755
-101
22105
-2153
8922
2524
22906
4837
30979
5103
4566
28788
5584
2607
2677
2496
2857
-1533
4003
4740
-537
-403
3434
3783
8
342
-1780
1717
2672
3025
3685
1188
2520
9694
2774
5795
4085
7028
3022
2682
5984
2066
3312
2629
3370
2987
-292
6610
544
-350
4373
-1068
4364
6097
6645
2699
2102
300
1114
1911
6130
765
1543
2192
2525
113
1658
3404
-2407
5802
2050
1734
6197
3352
5708
3845
1085
2171
3071
804
4253
4912
3852
3405
2254
2475
3258
6128
2191
-1444
4850
15036
2121
1753
2759
2273
7857
117
6958
4563
12400
811
14855
4864
9873
5002
190
32413
-109
5404
1522
4708
6059
509
3265
6284
1875
4412
2113
5316
5624
3257
1691
6196
2068
1498
5832
2060
1382
6354
5381
2726
3136
2817
6647
4570
1850
4616
-764
6894
6584
5870
-2148
5457
3257
-951
5977
887
3471
6102
2531
5953
4671
10649
4328
3221
5682
2776
-2336
759
3906
1741
5151
4808
-3402
27790
466
-331
941
2241
12975
4408
2516
5829
5734
1287
2931
2815
23835
5107
951
2302
9105
2304
3323
905
3891
4787
1662
3057
1608
65
8646
4761
23448
-2022
3863
2011
22629
5646
25312
5645
4425
25027
1496
4521
2450
-483
3440
3599
4060
-256
413
4175
2159
2014
-568
2696
-1508
95
672
3431
95
2669
1031
4911
1707
1936
1610
7949
7445
5702
5941
6431
2147
3218
1814
4529
-1005
6849
5360
-1435
3574
800
3220
4919
1643
2234
6180
7340
3719
5739
3551
8095
-2512
4183
2858
4901
-398
3234
-1072
19455
3362
196
791
3798
13786
4017
2326
5682
1731
3487
1014
-475
19063
256
2087
4209
10458
2277
1170
1917
2111
2335
-2493
-347
141
1651
4234
3683
18749
-2112
3187
4628
14126
-243
25799
3178
2977
28523
758
4570
-430
4225
1893
-1420
4009
3220
-2526
2988
-144
2725
5863
5195
-2888
96
-1855
4275
1517
-4433
97
-2966
168
63
-3593
-186
-1506
-3275
-6097
-344
1560
-2847
-2043
-5004
-1896
-3315
-2521
-293
-3151
-973
-1874
-6113
-3586
-5901
81
-621
-4699
-378
-4588
-852
2733
2070
-5399
-3425
-816
161
-1680
-27974
-167
-408
-2416
-1692
-19847
-471
121
-4016
-4093
1270
1807
-1700
-27680
-172
-208
-1140
-13922
-720
747
-2109
2138
-1980
-351
1800
-742
1548
-10104
-1638
-26667
-1244
-2442
-4204
-17608
2294
-23407
102
573
-24011
-771
-268
231
-4048
-3833
-837
1879
-2830
352
-3946
-3356
1340
216
-681
-668
1835
-791
-225
-604
5268
1263
5458
4415
4978
2818
3060
279
2267
70
1231
2269
4579
2590
1791
-2286
1605
1345
-708
4368
2690
-277
1221
348
2799
3826
1897
2395
4393
3111
1855
2445
-841
37062
-4800
-2474
-3821
1175
45182
1546
-852
-3809
-2432
37905
-4497
-3022
-3935
-103
-2992
-1682
-1630
42059
-1602
-2265
-62
42634
-2491
1736
3116
-866
4977
-364
-3715
-355
-3341
33109
1154
44694
7869
1968
1327
33595
-817
39011
-4573
-3380
27511
-1916
-3205
-1847
-3279
392
703
-407
-366
3516
-722
-2170
-1195
-5329
682
1847
1196
4353
-5094
-839
-4569
-3423
-2730
-4459
-1927
-2412
-4799
-2072
-946
-6291
-2754
-2734
-3242
-3405
-3349
-3523
-1955
-3054
2045
-3489
-3346
-5333
-5359
-3445
-2084
-1846
-4181
-4565
-1697
-1918
-6374
-637
1767
558
-1718
1474
-195
997
-25678
1393
2205
-3455
-57
-12924
-730
358
-3975
-3549
1850
-499
711
-23125
1217
-3622
-3489
-3231
-830
-3388
3441
-43
-4216
3595
-3719
415
-1269
-6422
-1790
-19081
-3256
-4258
-594
-14172
-4019
-24889
-3841
1639
-21657
868
-4990
-3332
-2148
884
-904
-4370
-1680
-2481
68
228
-1873
1132
552
1020
-2569
-1555
-423
-2657
1589
-1921
-2688
1075
131
-1012
-3897
2112
694
-389
-3599
991
-461
440
1858
2615
-503
-1659
-23
-2037
-2398
-3851
159
-1003
-2169
-1266
662
1165
-2821
-285
-2266
-862
820
-34907
3254
-450
5658
-1880
-37595
2911
1746
1417
1901
-39537
5174
3188
1723
5425
952
5371
2286
-33246
87
4864
3896
-39194
519
1855
-2436
208
-6865
-249
-570
870
2540
-33630
1019
-41134
-8050
-8898
695
-27452
66
-31658
1352
2189
-22063
2014
2554
-372
3756
2224
-873
5715
4190
-681
1229
2648
103
6137
436
1968
5213
210
6548
1109
-2707
924
-9062
-6309
-2563
-530
-1501
-1526
-1314
-709
-6312
-3587
-543
-5148
-2982
-1654
-3043
-2968
2473
-4260
614
-4372
-874
-3278
-162
-6354
-6438
-1215
-6229
-4819
-2334
-1530
-4108
-1428
421
-1829
-2627
-2646
-23330
-192
-2657
579
-2027
-3534
-1827
-5257
-664
-4659
-1408
-2367
-5024
-21620
-3855
-244
-3125
-4830
-4950
-4006
2892
1290
-1381
-2396
-1345
-4081
-423
1163
-536
-10797
-1052
-4550
-3793
-17726
-613
-20967
-2012
1140
-21619
-3185
256
-4509
-1674
-3914
1386
-1973
-2018
-931
-4587
-2660
-408
-3001
-3219
2475
-2238
1265
-498
-3625
3985
-2403
8951
7293
2397
7413
3977
5823
5626
5206
6060
1017
3033
1945
7179
1524
4943
5558
-429
1783
2467
2613
3479
3491
7360
3726
7014
4942
7299
8039
6523
-325
3994
6532
-470
2263
4901
-2834
19714
631
2316
-272
2767
11492
5198
520
3785
590
1082
2641
2287
18001
-466
316
552
15356
3628
260
-1495
4991
1821
2236
2329
-360
4120
12616
4002
18697
275
4342
111
17867
348
23526
1532
4674
22356
322
4332
1159
5061
-63
1337
3183
5834
2465
4063
2116
3224
4595
3
-2935
2495
-2812
2660
3066
6525
2763
5618
7415
1332
1228
3539
4424
3226
3296
4017
-323
3179
5816
5491
-529
6320
6235
-23
4083
2935
4186
6580
7673
737
3603
5224
4623
6724
5562
3849
1401
5511
617
3801
2226
2987
-1484
25635
4186
-343
3925
-61
7080
1707
702
2500
5514
3786
951
2222
20759
299
175
4832
6597
920
2333
588
5065
5948
1855
209
4221
-489
5247
-229
19798
3964
1592
883
21018
-223
22309
2589
3549
27912
3794
170
1012
5027
5691
691
881
4139
-2273
612
3710
5361
4928
5559
-864
985
2697
5005
5023
1071
3520
9869
6709
6887
3255
7784
2884
2891
6969
5871
3213
5874
5952
6972
2910
6774
4121
-740
6408
-2783
3739
7004
2964
4536
3506
10301
1697
5256
2234
2293
-1297
-50
5866
4665
3828
825
-2296
25504
2136
-1883
4099
1685
11072
-186
4153
838
5639
2719
3439
-392
23171
4246
1775
-375
7802
872
2676
-1583
3133
3773
-1804
3393
1451
3731
4708
2127
23942
-474
2353
750
18294
1686
28790
1613
5419
29962
4051
4367
3601
3
4736
-1117
-32
5350
-2263
2564
-557
-475
4267
3354
2816
990
-1429
1252
5875
-1455
-3659
-4987
-5472
-2831
-4909
-6556
-5924
-4909
-6703
-6707
-3618
-5087
-4418
-2347
2957
-1921
-6435
-86
-5237
-657
-2273
-4687
-477
-5039
-5865
-4848
-6847
-3311
-6190
-1432
-3526
-2359
-5232
-2681
-1188
-4796
1826
-25193
-1582
-154
1521
-2949
-16469
37
1194
1267
-3668
-3123
-3670
-3439
-25707
-996
-559
-168
-9060
-2888
927
3379
-2645
-506
1612
-996
615
-2763
-5621
-2874
-20144
1499
-2804
-4493
-18667
-1709
-21932
-736
-2055
-20974
1556
-3252
-3240
-148
267
173
1554
-2300
-1140
-3132
1435
-3593
956
-4470
2514
-203
-2692
-2841
-818
5379
-60
-1106
-913
376
4336
5095
-447
5004
3736
5486
-2581
-155
-767
368
1495
3499
1640
-1738
4151
1217
3456
1270
5570
2924
-467
-1934
2789
4446
2673
2207
175
422
3743
723
3655
4882
-2614
-3754
1934
-305
4654
577
1281
754
4118
1228
3970
3701
4685
642
-9364
4056
-712
2504
-1287
292
1883
-3083
3074
6168
-1554
1059
3740
2213
2544
3315
-985
-501
6519
4825
3075
-52
-294
3952
-686
9027
5804
4239
4869
966
3463
-2083
1601
4301
-582
-507
-88
2913
1317
4109
-1165
3192
-2100
1467
3180
-5465
-2020
-5662
-2411
-921
-3006
-3041
-5039
-6492
-562
-1866
-2336
-4546
-3098
-2834
-2706
-6682
-1572
-2865
-3533
98
-7056
-5557
-6216
-2042
-3253
-1510
-2951
-3147
-6742
-5394
-1252
654
-5124
-1189
-4078
-4267
-1370
-27532
-3835
80
-3521
-2926
-15891
1415
868
452
-3397
2094
-667
-3293
-19525
-4065
-4478
1067
-4872
-2825
-2569
2077
-4962
-355
3730
1013
-2256
-263
-7255
-3433
-20001
-198
-6192
-1450
-19222
-3664
-22180
-37
-2041
-23651
1185
-324
-3185
747
-4583
1267
-374
-4560
-187
-4677
-4459
1295
-600
-872
2613
-835
-1058
-3173
180
-2250
-3172
-4041
-6785
-1048
-5054
-3212
-2022
-3304
-4731
-776
1991
-2417
-6406
-3588
2700
-6389
-2809
148
-7772
1790
-4019
-4474
-2232
-5102
-3010
-3446
-7232
-4532
-3620
-5447
2317
-2978
247
-983
-4413
-5066
1986
-23635
-3037
-3344
-4358
-4101
-10663
988
-4950
-3047
-23
-3927
375
-2481
-22350
-4853
-5405
-1994
-6304
-4853
-3749
2200
-550
-5239
-1705
-5340
-2818
84
-3108
80
-17062
837
-3999
-4872
-17983
-5284
-21636
-2122
808
-25939
-4497
-1637
-1178
1003
-3358
-186
-108
-5455
-666
-5311
-4953
-4753
-3485
-5233
3075
-4696
2594
284
-1259
-6050
2472
-7512
-2350
-1204
-563
-6453
-2559
-1001
-1481
-3554
778
-3459
-5243
-128
-1179
-5140
-5642
-3762
-1639
-1422
-2008
-4392
-1225
-430
-6898
-3293
-6038
-1094
-4885
-2833
-1799
-2625
159
-5224
897
-2813
-92
-21070
883
-956
-336
-2940
-6226
-3423
-4600
-2658
-3798
-76
-3469
-2884
-23601
448
-5205
-5275
-5431
-4757
1254
-907
-364
-660
-2773
-5020
-1234
-4756
-572
326
-12679
698
-634
-1169
-14406
-1004
-26404
-4768
-4363
-25938
-220
-3329
-1380
-4045
-1313
1947
-3672
1150
-875
-4466
-2431
-2696
168
1014
1653
-2273
-2436
136
-2901
8408
-2482
6561
7748
7265
2963
7713
4557
7800
4110
4319
-486
5682
4204
7051
-455
6479
5856
780
4749
-431
4380
7963
7502
3260
6875
7735
6224
2603
7237
5387
2780
3048
4614
2805
5091
3193
781
27698
4526
702
1495
6494
18194
2243
1077
5792
5055
2357
5924
799
25939
4018
6476
685
17785
2601
4590
-110
3934
8016
-1788
1478
1616
6015
15074
216
28456
4138
3118
2555
23010
6482
30006
3673
2338
31303
6379
5686
4717
3924
4415
1687
1803
5880
2324
5077
1459
1500
5328
4380
2826
972
3356
6077
3539
-506
-2956
-2571
-5174
-3376
-5896
-6210
-3246
-1236
-3803
-6567
2516
-5021
-455
-2103
-1258
-2490
-4389
-799
-2273
-2575
-4329
-1858
-6525
-5856
-1517
-5595
-6730
-689
-2255
-2788
-3349
-3744
-46
-1909
1052
922
1828
-21610
223
1589
-1651
-3592
-10810
-1824
-5145
424
-4319
-3500
-884
-4957
-22427
-1093
1401
-686
-2876
-2498
-4786
2432
-4734
-3094
-2162
-135
-683
-3975
-5397
-1622
-13887
-851
-5519
551
-18912
139
-25241
-736
-2201
-20622
-2901
-4831
-2298
-4161
1194
1802
-3670
-1898
-837
-1129
1202
65
-3179
892
2324
-2589
-1785
-3894
-4016
-5619
308
-8206
-768
-4858
-3025
-767
-4024
-1839
-5180
-5462
1944
-5118
-6609
-1404
-1247
-980
-1729
914
-5820
1613
-2932
-6112
-1664
-1226
-1742
-870
-4752
-1494
-160
-2857
-1253
396
-3011
760
-3458
1154
2328
-25103
-1719
-2457
-123
-5321
-8804
-3906
-2101
-5185
1248
-2107
-2107
-733
-22686
-5153
-3306
870
-4018
-4528
793
-2832
-3620
-2565
-959
-903
-2700
-2933
-5062
-123
-14113
-2463
-2496
-3002
-15193
-276
-25212
233
-3369
-24420
-4281
651
-1130
-316
-724
1526
-1926
-2072
-2074
387
-223
-674
-893
-2534
-2493
-2427
1373
-2032
-3624
-6013
-330
-2662
-986
-5940
-2832
-2450
-5228
-4966
-4528
-59
-2665
-5760
-1854
-5252
-507
-666
-4351
-2385
-2765
922
-5262
-3457
-125
389
-2857
-1820
-35
-3886
-4299
-3545
2264
2309
-9193
-2045
-1708
-304
-145
-28317
-510
-1193
4538
1492
-20815
1060
2771
2222
266
-1108
817
-1802
-27409
2789
-3431
-1874
-16252
-885
1201
1015
2598
-4995
-856
2136
3135
-2402
-12791
-857
-25162
-3769
-5388
-181
-20468
-2125
-22058
1313
2314
-21400
-2540
71
-443
-193
-1826
480
-3263
-3027
-2009
1199
846
-2642
-3596
729
-796
-732
2852
796
-663
664
1285
1190
1653
-4869
1583
-4686
-1151
-3133
298
-2266
1866
-1423
-4823
849
-1011
505
-1344
-3726
-4599
-2697
-147
753
-2421
-1987
1222
-428
1572
-45
1022
-1235
1313
1695
2190
-4223
-2250
1059
-3936
20941
-4500
1738
-3946
-2778
4942
-2586
-4456
-376
-1833
1534
-5145
-4390
25859
-4515
-4035
817
-1237
-4122
-1513
124
-3106
3452
-1167
-2085
-4732
-2142
-672
503
7611
-406
1768
-1514
13118
604
26203
80
-2016
22103
-2528
-4180
-3592
-180
-2737
2713
-2842
-2350
-1783
-4613
709
-248
-2613
-4122
2013
494
415
-4276
-4160
7035
-1901
9582
6696
6628
5193
3414
4419
1951
3928
2650
3440
1728
4435
5650
11
7795
2250
2132
3141
2683
2979
2476
4946
6774
3623
10370
3858
5588
3516
7266
482
730
4850
1692
-104
524
-3417
27604
5294
-3181
6385
448
8181
749
1753
2579
3788
1802
2893
781
24745
-659
2817
4208
9558
1113
955
241
5823
5503
-2730
3744
4809
5931
2626
3537
17217
-345
2654
2616
18570
2582
27315
5787
5157
25015
1938
3675
-553
5429
2899
-474
5735
2599
1736
-402
4552
436
2171
1772
895
1569
-1648
2216
822
-4197
2341
-3315
-4520
-5689
-6715
-6361
-3540
-1464
-3661
-6603
2299
-3123
-327
-3232
2573
-3934
-4593
1837
-2923
-1299
-3841
-3416
-3255
-4056
-4963
-5602
-3980
-1865
-2051
-5813
234
-650
223
-3574
-3539
-2768
3295
-27133
-1697
2277
-2767
-428
-9564
-1770
-4558
-1863
635
115
-1959
-1807
-19280
-1694
-327
-1976
-1540
-2130
-64
-1614
615
-3392
-2030
1384
-761
962
-5446
-1380
-14926
-2736
-4356
-1624
-14079
40
-25630
-918
-879
-20556
-3001
-2809
-2545
-1542
-4177
-609
-1068
-2709
2055
-1594
-3557
-2131
377
-4353
-81
-791
842
-2722
-2457
377
785
5438
-623
-2173
4028
1833
-2209
3466
-881
-122
-2391
-1151
-640
-486
-347
3813
-784
2764
-2
-1584
-64
-1455
3245
-593
2736
7123
-937
-1108
-1695
1582
-2761
-3417
4058
-1560
-650
-383
2237
40426
1381
-2144
-796
-1531
32489
-3999
-4062
-1642
-3923
-2749
-2747
102
35711
-1562
-1742
-3749
14801
-2363
1413
344
510
4997
-900
-1456
-2547
1253
19025
-4423
33140
1471
8119
-1499
29697
-4404
35577
-3097
1791
33094
31
-1954
-3965
-4975
-4305
2287
193
-3014
-656
-1704
-118
-2191
1445
-808
1718
46
180
-3681
303
-1524
1463
-176
-4374
-1481
-2242
-2166
1280
-1687
-2535
-2139
2485
-2498
-2616
-1281
2444
1738
-4294
2355
-885
2709
1119
-67
-1403
1792
-1779
2141
-4691
-1094
-4716
-3758
-2443
-152
2722
-930
-1773
690
-3505
24412
-3916
-1788
807
-1035
4854
-4782
-1214
220
-2398
-1827
-915
-573
22742
-3773
-2886
-1981
4400
815
-2727
1221
-5297
821
2201
-1102
-5165
-3865
1224
-4000
11480
779
5585
1203
16227
-1082
23535
194
1460
25978
379
-3595
-1805
958
-2718
509
-4377
-160
-486
-138
-63
-1416
-2702
-4390
-2752
-386
-1962
779
-2357
-357
-283
-6657
-5435
-6377
-5895
-3034
-4360
-199
-1490
-6057
390
-6698
-1498
-1114
-2420
-5498
-1923
248
-1070
-3521
-835
-6526
-692
-1449
-2063
-671
-4365
-4429
-1113
-5105
2636
638
-3548
-1769
-3096
1199
496
-29122
2131
1562
-2142
-1642
-13713
-1759
-167
-4734
-1847
-1926
-4787
-3526
-24130
1686
1193
906
-9591
-137
1033
-2435
-937
-1424
2716
-2646
-2723
237
-6410
-4637
-22571
1065
-1726
-4601
-14820
-4210
-26234
338
661
-21805
594
-1999
-2917
-1741
1597
1696
-4483
216
-1153
-1956
1146
1838
-2243
-4388
2176
1358
-462
-3981
-3807
-4345
1631
-2116
-6568
-3398
-1615
-4517
-3847
-6360
-2388
-2828
1237
-5672
-1422
-4409
-3026
-3518
-169
1766
-5971
-3494
-5144
-5035
-2147
-1198
-1288
53
-3253
-6550
-333
-4961
2879
-668
-74
277
-557
-1449
2927
-23685
-2629
-955
-1038
960
-10720
1111
-965
1111
-3099
2219
1091
-3175
-24427
51
-1711
-4048
-6055
519
-3049
3461
-2952
-3330
824
-1469
248
-1469
-2862
-4604
-15843
-843
-1499
-3530
-19260
-3322
-21341
-823
-2687
-22902
-126
-217
-1911
-4378
-4925
-1317
1287
377
1603
-3068
-1896
1341
-3597
-911
-1123
596
-1030
1540
59
-3413
-2062
-3769
-4102
-1699
-1237
-409
-285
-3163
-2952
-3820
-2466
-5895
-1251
-6175
-432
-673
-2907
-414
-5442
-1878
-1004
-3339
-119
38
-4039
-4626
-6239
50
-4607
-3549
2818
3070
-5158
3122
80
-2627
-345
-29839
-571
1306
3532
-1402
-18221
-1235
-1762
-376
-175
-383
-126
-3262
-22217
212
-2745
-1817
-14338
1431
-2403
-702
-1876
-3487
3200
2156
1853
-1633
-15022
2329
-23558
-4832
-4529
133
-15492
-2590
-25448
-575
-1736
-25794
2306
-3052
-3033
-3
385
-2716
-52
-3022
1783
-2677
-3154
-926
-805
903
-2495
1609
-2629
2262
188
3338
2635
7869
4912
5921
5589
1767
3475
720
3389
82
-498
6206
5805
4936
-2739
3294
1077
2055
541
-1894
1446
4022
998
5351
6175
16521
375
3497
3545
460
-2242
399
-155
-933
4276
353
-8
22663
1043
-184
5651
2191
2582
2749
887
-790
4287
3379
3761
5550
31152
4384
2179
1524
-43
2538
885
1107
4004
5419
-2537
3563
481
2768
5939
-437
11403
-2492
5929
3735
25147
1591
38766
904
1000
33372
-575
2891
4444
3512
73
-476
-113
3673
-1773
2422
3932
-168
5460
3069
-1115
3284
-1147
2955
4907
-2673
-1757
-7292
-1505
-2640
-3665
-6115
-4494
-3643
-2911
-6321
1890
-1482
-1701
-428
2814
-5997
-345
-2063
-2354
1333
-790
-3521
-1527
-2911
-3390
-2829
-5272
-5255
-162
-2662
500
-4043
1159
-4447
-161
-2864
-402
-21949
651
1824
-2682
-4226
-9641
-210
-1997
-2398
-2487
-4772
774
-3078
-22585
-183
-417
-1308
-5304
726
-454
-226
-218
-1660
1212
-4620
-3840
1193
-3575
-2507
-13367
-2278
-4083
-4815
-16727
-1173
-20754
-3946
-4777
-23486
-3744
-3217
-3345
-4186
-1510
384
-2014
514
-660
259
-3819
-2007
-1816
-2495
-3172
-4439
-474
-2055
878
-454
-585
7061
-861
33
678
2692
-234
1639
3962
3604
3762
619
2656
2268
2379
5163
-116
2950
2777
1949
4135
2551
2062
3457
5128
5922
2873
4512
-1297
4288
-116
-1301
39616
-2079
-2958
-4430
797
44171
-1624
-1391
-1297
-3904
39156
450
-4233
-1620
-425
102
635
-4985
42814
-2247
-556
-602
43900
-297
850
454
-4386
2384
1629
-1561
760
-1320
37216
-4037
44464
7801
1767
1752
31681
-2308
35854
-3555
-2140
31335
-3370
-268
-1877
-2756
880
-2170
-2850
-4781
-2904
-4676
-1457
-2948
-4269
-1243
-901
-866
-1455
737
-233
-495
3391
3122
264
4919
1394
4425
2618
1872
2221
2907
-305
298
2469
5089
-71
3988
625
-421
2806
1013
3995
715
940
-1430
-101
1741
5048
-273
541
4401
538
-2119
43657
-428
-748
-4050
5133
54868
1224
-2965
-1535
-4088
48130
-3407
-1260
-1069
-1367
1047
1626
1378
52237
77
-3275
-947
43495
-2519
1262
6065
-2172
7051
4233
-1249
-3323
-1414
40542
1900
49013
14864
14999
-1863
41285
-1406
45105
-2952
-4240
41355
-2929
-4261
-2467
-4744
-1092
-594
-3067
1693
2208
212
-2596
-2929
1680
1437
-2124
666
2591
1053
410
429
849
6369
-1361
-376
2456
345
2698
-288
-157
3149
-3252
957
-283
639
-886
-1852
-2405
-1132
285
-2703
2014
-2717
-513
-3485
-2138
5554
2570
2293
2759
2919
2066
-4250
958
-3351
-4914
-2991
-3385
33804
-3247
295
-1391
1447
24921
-3770
1269
-3995
-4485
-2408
157
-3377
32032
-4555
-5114
-1178
12194
209
-1582
-4659
-5001
1487
1659
-2681
219
-4289
7976
300
28189
1546
7031
-3354
26378
-2414
29452
-1457
-2469
31010
723
377
-3073
-1009
1217
360
25
1257
-3493
-1537
-4081
-945
-66
-4226
-1509
701
-1322
-215
-787
-6077
-2211
-6510
-4201
-5956
-4047
-2646
-1075
-3669
-1420
-3193
2393
-6457
-1752
-3723
1158
-6939
-4651
-389
-2059
-756
-3928
-3813
-4401
-6458
-1594
-6103
-6994
-6895
-4707
-6653
-3437
1807
-5530
-2564
-2925
-197
813
-23169
-129
-32
1176
887
-19661
-4108
-1182
-2498
-2433
-660
-1113
2000
-21429
-2624
-1099
636
-15005
-3186
-4137
-703
-3818
-1702
1365
-2022
687
-3470
-10655
1509
-18158
-3302
-2567
-1629
-18282
-868
-23297
-2991
1220
-25560
672
-4414
-3425
-711
-3357
-2768
-1717
1544
1716
-1390
-3302
-2866
-4312
-4592
-961
-3815
-72
-2690
1288
3818
-661
6595
3519
890
2954
-873
2367
-1184
-474
4482
1048
4156
411
-1034
-2182
3223
5530
521
4084
-1578
5290
2206
-385
3698
1330
2333
-79
2400
2342
2188
427
-3448
40045
-670
1658
-106
583
46610
-2482
452
-5174
-692
39548
-3538
-3087
-3617
-3185
-47
585
1212
39915
-3570
-1324
-1176
38958
413
-2358
6338
-3921
4854
785
-2738
-2633
-886
40898
-2735
42117
8388
3839
-1201
32683
449
41099
1325
-2497
30234
-1654
-3195
-4437
-4684
-2984
-2072
-1808
-4404
-1616
-2010
-264
-4207
-435
-700
-2129
-92
1443
148
-1630
4623
3021
6693
5850
-206
1085
6574
618
4554
-65
6501
-506
5915
1792
4103
-2259
465
201
1580
6408
-77
6189
375
1065
4064
1012
11774
28
4033
1506
4418
1459
4388
-1666
1617
4201
5450
2294
30369
4532
-3243
1994
2631
4346
2062
5632
-359
2931
5372
3258
1744
32675
5624
2582
1170
4886
2271
5032
-986
3301
10412
2229
1829
5603
4724
3238
5237
18213
-2492
6774
223
24114
-845
34874
458
3827
28332
3501
-679
1719
302
4564
-2996
5602
5123
-678
-741
455
-399
4628
1413
2776
2064
1099
2840
5714
6181
1796
6847
6120
2122
2947
5793
6569
5747
6119
3284
-2312
2984
5947
6365
-348
7290
3993
-1620
1995
952
3205
254
968
2240
7081
7420
1194
2646
215
1204
-2341
3927
-395
3174
786
3902
2731
25477
707
-2399
7265
3310
6629
458
4613
3455
4746
875
4187
3763
27762
-570
4461
4949
5126
4607
5403
1413
-714
4181
155
40
3878
789
4577
59
15264
3362
8541
4763
23320
2677
27882
115
2170
28277
3991
1015
3181
1473
3312
511
1944
2679
-1953
1662
3380
2869
2499
454
-2826
5755
-1285
2079
-748
-890
694
-4719
-6930
-5879
-572
-3914
-972
-4340
-5413
-5867
1643
-1346
-4381
-2612
-58
-1952
-5746
-2239
-2198
-3247
-3707
-956
-6217
-6511
-3447
-1267
-6695
-2288
-4050
-4990
1482
61
296
451
-3094
776
3126
-26689
440
209
1643
-1655
-14820
-147
-1370
-4623
-2202
2192
-702
-4727
-24966
-3988
-999
-4912
-7590
-1892
-1162
-395
-4061
-3759
2767
-3596
491
-1570
-4779
-4025
-19906
1413
-2792
-1435
-19439
1325
-24753
-3148
506
-23699
644
955
68
-4355
-2924
1476
78
-612
1332
-3094
-2019
-2616
-1128
1415
-3319
-2664
2761
-4561
-2192
2718
1978
12425
1853
7114
7100
6889
4106
3139
6355
3176
-68
2575
2704
2410
2752
8425
7528
-1028
6824
235
4335
1428
2155
7421
8381
10868
3493
4875
3502
7887
2053
1778
2522
3133
355
1746
-373
25532
1056
196
3306
3838
15601
2008
34
3595
3747
2933
4566
632
28524
816
1632
412
8018
555
2172
972
2637
5909
45
2650
2630
9
5719
4199
18550
2148
8439
1498
23567
4490
25308
2128
-195
25716
5790
1044
1844
3155
-22
-1888
4291
627
202
-81
1524
3146
5039
3321
3495
5628
3407
1954
4060
