-711
-1360
16386
-607
2017
9884
-1952
1114
154
-20065
166
-2133
-2703
-2047
1024
-3121
-1426
2309
-55
-2721
-1549
1183
812
-46709
1440
10562
105
1704
1178
-932
1481
2884
-3380
-14415
14993
1478
-146
9646
-342
899
7717
2791
-1051
668
-394
-2388
13537
-1599
8903
-3207
1373
-146
-3271
-3781
860
-33821
-2919
-1241
1309
9195
2628
9847
-3322
1557
-316
-309
2863
-2105
16508
1451
-1206
1594
-3021
757
-817
577
-36024
1693
1724
-3237
-2357
-1066
-2111
864
-344
12626
543
-3052
1483
-1172
-929
-2962
904
-6821
1647
15594
-792
-1265
-1758
431
1148
940
-1037
1207
240
-313
2351
514
-68
1286
-1195
2038
-2414
-2411
2819
2747
-319
1653
-482
-6324
-14697
-23
1480
-6618
444
972
2160
559
-5209
-1044
-13817
-5654
-9079
-5232
-3569
-6053
-1418
-847
-972
-1604
-3070
-7225
157
-6156
-2417
-318
314
-7623
-1498
1964
-3715
-29001
2180
-4694
1358
-1938
305
1923
-2396
661
-2666
-33272
-4624
2394
-5906
-29795
510
-5274
-35773
2125
717
-7349
2146
-4247
-3727
-3529
-21341
-327
1445
672
-2510
356
-1651
-9536
-5649
1903
1863
-4769
1999
-4227
-1480
844
-3976
-6485
-832
-6771
-19228
1137
-4411
-749
-7752
1507
-1111
-305
-21371
1884
-1521
-6344
1390
2515
-4715
590
1622
-4053
-2445
-7525
-3452
-4874
-2913
-8864
-1827
-13278
1929
-8242
1638
-2686
-5816
-4578
-2746
-6487
-1736
300
2263
-1067
2342
2388
-2063
2204
-6226
1713
465
2365
958
1677
-2348
-5194
942
-11970
-49436
2594
-472
-10995
-6549
-6663
950
-6770
3864
-1894
-16764
2938
3378
-10967
3305
3929
-2293
19501
-1141
-2549
2682
741
-2663
2332
3530
-339
-129
1486
-2102
-2126
4289
45992
2404
-8278
-2398
-2437
-2158
-2453
-2493
-2841
3108
9331
-11370
2047
1453
-6920
-2055
2325
-7117
-1175
-2089
3663
1909
2986
-9695
2319
-10396
3770
744
-799
965
934
-1257
33594
1575
-1412
1482
-9756
179
-8092
2812
-1097
3816
3483
-1256
717
-16956
928
1848
-1833
3655
-2095
3511
3968
35115
-2707
3662
2775
-2408
-2881
3681
-2313
-2009
-8743
-2725
2119
4078
584
3385
2042
-2194
4649
300
-15648
-2233
3667
2678
3675
-2665
2256
-2054
-1368
-1764
2441
-1699
-1186
-1799
1389
2082
-2556
-1028
-1517
639
-2683
-2009
3737
-2790
5324
13803
869
-203
10232
2836
3797
-207
3307
