769
5603
1137
1562
870
5075
3748
1432
2244
5286
6030
3538
4184
2454
4561
4262
1092
5975
5061
5209
3421
2410
5091
1108
717
3253
3997
2462
2160
2501
1440
261
-581
1198
3098
580
945
1714
4484
3684
903
2010
-501
2883
898
5083
4533
4252
4047
5915
4121
5603
5282
4301
1770
-129
2006
-498
1671
457
4260
36
228
3108
-27
1249
490
2222
3698
4611
1769
73
2525
3121
3104
4361
1390
4886
18
3780
846
-153
4267
4009
2370
1960
388
174
1780
1717
4411
2581
1058
3290
169
2738
3491
1207
2573
1937
6570
6384
6452
4852
5987
6081
3988
4333
-733
2894
1690
-109
3590
1223
1643
1424
4208
3602
4813
-430
-258
2955
1344
-503
2487
980
2138
4494
2322
5088
2017
2349
5027
649
3340
1099
729
423
4780
614
4935
330
4667
-81
-2795
2040
862
1471
-2857
1126
1960
-2218
-1046
1484
-168
650
301
-611
47
740
1346
-2163
1366
-2455
1271
152
8
1110
-1805
79
-709
37
1539
-1175
1418
1178
-875
-3008
-2115
480
-2047
-1402
320
276
121
-1945
988
370
-1893
654
-944
-716
70
883
-451
-1454
393
210
-702
2186
-1304
-3089
-1984
350
2246
-2603
-1134
-1534
1286
-2082
831
-2517
-2532
-1031
742
-1967
-1270
-1155
-1980
-282
1671
-1161
-3064
1980
-2172
-1240
-432
-3027
2230
-2260
-1540
-1028
-125
1997
927
1548
1408
-1102
-1539
92
-2993
-956
-723
-1189
-174
-1400
-2359
-1749
1820
-3006
-1010
2104
-658
505
547
168
1827
2037
-887
-746
2300
-3003
-2894
1506
-2113
543
-1253
-2370
2113
633
-1648
95
-890
-1506
1211
-964
-778
-2739
-286
1293
789
559
558
1586
-921
-2900
-1889
282
5086
5738
3609
1153
5904
1377
5402
811
3488
4654
4257
6308
3358
1242
5706
2461
5969
5842
3242
4877
2241
226
1371
2749
624
752
5124
-1743
498
-948
-2123
-4050
-3800
1295
-200
-1595
-244
-2245
3035
3108
-1685
364
-1535
-1810
-140
1877
1350
2894
867
4686
2508
5355
5223
6829
-2649
1171
2498
-95
-929
996
660
-1572
-3203
-2338
526
1690
-508
-2453
204
-963
-132
-3117
2575
-371
1742
1564
3318
3233
-957
2185
-1501
-2110
84
-2312
1444
-407
-1002
956
-3577
-1025
922
-1502
-579
833
1621
-1583
1654
1018
-2387
2118
4390
6712
1829
2754
7118
2334
2486
4949
1205
-15
42
-1140
-3515
-4232
375
-986
-1452
-256
-2059
1436
220
105
674
-628
-1093
-498
3356
1095
5559
-699
886
3815
-817
898
4464
-587
2123
391
-59
1478
1595
3998
1760
1651
1431
5193
2793
4520
682
4305
5123
4649
5170
1803
1069
4016
4273
1415
2201
3080
2863
4401
4570
3421
1553
966
5029
2981
1276
658
845
4187
-33
-996
-416
386
1580
-306
2828
1161
786
319
1088
4577
2114
2723
-773
3595
2336
3290
3596
2304
1522
2240
4476
5988
1739
4912
392
3830
2078
-763
-586
2403
3189
2525
2450
1287
407
2212
-451
3132
702
-799
2008
2739
30
433
1649
986
4370
2555
1217
-15
76
2610
1070
2085
2163
3622
1716
2830
-897
3570
-661
921
-1042
3076
1003
-981
111
3165
3489
5675
1122
2607
4253
3603
2393
6503
2105
5589
3185
-854
-347
-420
3480
-934
1376
589
767
192
-509
-522
1529
2019
2548
2664
660
3286
3853
99
4595
1990
2154
-289
3773
3436
3033
3305
-255
4849
3932
1343
3576
1084
1234
1926
4815
4619
2186
893
3175
1993
2990
4535
4982
3446
4411
3797
2093
4949
1417
3151
2153
3529
5174
3777
2741
387
990
2378
1654
3498
276
4425
1106
3539
3837
4161
1453
1919
3271
-180
1984
3379
2147
230
2631
1643
3799
275
2385
3539
3843
6377
3969
3821
1354
2659
1751
4157
1406
2854
4245
2587
107
363
709
473
2429
-621
-46
1543
118
3759
2910
4051
3240
1231
1945
3674
-105
3007
-106
3539
1413
3245
3378
2037
2320
957
2010
3545
4192
1101
2552
2552
3017
2912
2852
-65
1495
578
4128
870
3082
4719
4927
4624
3788
3116
6685
4718
6072
4929
4344
2500
816
2148
-264
3342
-301
3188
2625
-635
1186
1528
1099
2854
677
4359
1622
3400
1336
1007
4769
102
2509
1222
1533
2447
3468
2050
2774
4834
2823
4133
1646
1657
121
901
2609
4217
3038
1252
2731
6107
2499
1707
4967
2958
3175
1575
1780
4439
5554
2506
2988
4830
5891
2812
794
5345
1065
2111
1604
4756
5094
4497
2226
139
3860
3980
2788
2686
-125
1283
4903
2822
-299
4969
4215
4258
3790
3601
4872
5551
1947
3100
5410
2152
2513
2491
2795
5725
4022
694
850
1562
1276
1453
1796
4730
-535
2681
1050
340
2843
3748
4573
614
1892
-79
977
2798
3968
1945
4221
2509
1699
3132
4680
3118
1027
755
4590
4189
3913
299
-676
12
3042
4708
880
-632
318
3138
3913
1535
2116
2656
3379
2837
6480
4145
3568
4444
5948
3231
1389
2991
1468
2659
-3
1633
386
4282
-1016
854
1199
3460
1030
582
2125
1333
4916
3924
5190
807
2407
994
5602
4785
999
1163
4553
1145
3450
153
353
1648
414
4158
439
1600
1446
6626
4575
2478
3543
4967
3205
6316
3513
6858
5787
6227
4411
3546
5497
6072
4717
4887
6210
2383
3279
4095
3567
2315
4793
4430
2244
2141
2670
2052
3141
-149
1954
4262
2386
1955
1967
2345
2409
1375
808
2487
5352
4763
2798
6086
5509
3521
5932
6201
4782
6614
6072
3691
3273
3788
4678
618
23
1450
2664
342
1795
432
418
3284
3759
2850
4343
1718
2789
4413
5148
3715
574
3542
4898
3834
135
1987
1454
-130
120
4130
578
742
1169
1985
3962
-387
1154
1995
3171
862
1695
938
1712
3797
1196
4833
3385
5944
3488
5850
2505
6337
6222
3174
1723
488
791
3343
581
3645
3401
4536
1027
153
4413
1975
1487
1340
5149
370
3159
3087
2398
5041
5070
5319
4237
4223
4293
2655
1328
2990
3219
4636
3376
3048
1985
5152
5337
5588
2157
969
96
-331
148
1458
4504
-170
1533
3754
3919
2750
2078
2800
953
4063
4286
3142
4217
3899
-272
1251
-9
3306
-90
2991
119
3233
7
-586
723
2767
692
2800
1907
330
1829
3750
341
4353
2766
3423
1399
3999
-76
1720
4502
1319
5142
1834
237
5472
5084
3980
-551
2416
1170
4408
2450
1594
-990
772
3812
-211
2200
-202
1626
1276
1541
1727
1083
845
3467
2562
813
3541
4848
3662
3299
1636
4147
843
3283
4427
1564
448
2735
1459
3441
674
3670
3727
3194
2165
825
3732
1257
806
3863
2386
4262
4169
2050
4862
2834
4555
1286
4015
3891
471
4271
-44
2540
2557
1619
2606
2392
568
-419
-172
1708
1816
1461
1660
-554
-777
1004
-390
3379
1167
750
2349
2616
3478
2166
3020
2754
4475
2857
3130
2185
3224
1941
752
1573
4761
3365
5840
4759
5554
2860
4910
3551
3910
4118
1671
5815
4362
2770
1354
1856
3135
3428
3983
5621
4919
2856
2459
5207
3038
3513
1638
4152
3303
2982
2832
1503
2593
-153
-37
2988
2760
321
3193
3347
3723
785
653
2019
3808
3941
2027
6035
6698
2849
6097
4699
4840
1710
4430
1276
2551
1963
2351
592
94
3670
-607
173
4464
586
1689
-551
1168
810
2986
3731
4850
1477
4693
3372
138
-108
1892
4614
1781
129
3431
-862
3929
1802
1903
818
2165
1951
4034
4234
3004
1537
1846
10
3408
1138
1391
3140
2138
1934
4554
4311
2650
2150
4987
2152
3472
3026
-199
2991
-892
-867
2671
4050
3225
1899
685
4639
222
4462
294
-543
1977
3347
331
1735
2468
2405
1300
5143
653
4329
3047
1169
3481
-31
418
3767
817
3592
-324
1374
-1687
2168
3435
2479
1584
2764
3337
2411
2277
1961
1712
2981
3298
334
1678
2620
-1103
-1190
144
1295
2652
2274
2258
338
196
-1729
595
22
-1344
1951
2303
1433
-1294
-51
-1776
239
2017
2856
-1543
154
-638
2621
3282
-1753
79
1322
-1208
-1301
-399
3260
1865
-12
898
3065
-1996
1645
463
-2057
2949
-734
2608
748
1216
221
-1596
1949
-329
1624
3127
-207
893
1759
-37
2075
-916
2475
-217
725
-142
1083
2574
1217
-290
3209
3156
-473
-1005
-1291
1111
3141
1481
1609
-1992
1707
2063
-280
-1120
241
-961
3882
-279
3863
-1322
3135
277
-705
2173
3039
-750
924
-1268
2326
2995
-253
3135
1922
866
-651
2397
635
-635
-2176
-2182
3215
-961
-1456
2323
-187
-1442
1156
203
1681
3168
-55
2398
100
-42
1752
251
1590
1425
-1348
194
6633
4145
6761
6263
3424
2968
5126
3754
3867
4133
2553
6049
3292
2129
2235
2648
4876
1757
4898
2223
3840
3304
3158
5726
3076
4944
5845
3671
3550
2097
899
366
4941
-226
1653
4599
2198
488
5441
2010
3917
3992
1785
74
2305
2870
3689
2745
6343
3138
6406
7414
6460
6738
2994
4421
5128
3109
3750
4278
2463
4878
3160
804
458
3189
302
59
5023
4457
1723
3786
3834
5488
3769
4169
1005
3834
744
818
4380
1030
4546
1705
3776
4965
2741
4774
640
3774
3277
4554
4952
1851
3058
1059
3513
2401
1119
3744
5901
7661
2883
7029
7197
2981
6547
5553
4168
4482
3666
1033
-217
4038
2041
3215
2929
2966
4726
1938
3706
3925
1380
3715
2795
-148
4974
1084
4765
2237
2200
5091
3437
1579
4547
1444
511
5176
642
1837
1331
4975
2700
644
1184
1462
291
-741
-3208
-971
1068
-2523
-3262
-486
-80
-1572
-1606
-2631
-919
2057
1733
-59
-473
1917
-92
-865
-2454
2022
-3107
-1503
85
-159
-1364
-2863
-209
-1117
-2230
-2181
-1776
-2835
644
-662
-2787
710
1475
182
-1617
-1467
459
2552
-119
-1373
-446
670
2038
2556
2158
-2267
-11
-305
241
-330
-1390
467
1848
-5
579
1188
-438
-1293
2144
-1929
2272
-865
1295
-96
-294
1444
-1520
-2879
-353
-2694
-2453
2127
-27
-1423
2198
-163
1593
-146
1934
1637
-606
-2588
1618
-3323
-598
-1296
1886
-2955
-887
108
1136
2110
-2212
1878
1748
161
-601
1587
-1685
-1045
-279
1012
-1390
2121
-1236
823
946
1604
-2707
-327
469
1514
746
1104
-2128
1519
-1784
-876
-541
-2971
1905
-2978
309
-1709
756
208
-1237
-2379
611
809
-3178
-1082
-1365
-543
-1462
-2941
4528
4828
5223
5910
5258
1983
6318
1855
6103
1415
2309
1836
3988
2783
6316
3438
2495
1842
2764
1938
2807
2355
5926
6143
1960
5693
3145
1240
-564
183
788
325
237
1602
635
202
4450
449
745
1528
4460
2547
1399
544
2882
6711
2206
3678
2882
4159
4284
3162
6015
5182
-261
4060
1455
2147
2730
3995
2473
4510
2283
1215
4527
4357
1639
4303
2881
3230
805
-479
3667
1107
3482
564
1842
258
936
2269
717
4230
2688
3946
2309
1293
-569
1752
1335
2306
337
4275
2055
4405
3516
668
1797
1816
760
5538
4724
7138
4975
6552
6289
5658
2136
6042
1772
1913
-25
-10
3283
2679
2930
-626
660
678
668
3685
2449
1610
2450
1504
2417
-2
3462
5008
5396
4836
2164
811
5383
3835
4542
5294
3569
308
4450
1365
1752
4382
2407
2747
2477
3264
1536
4286
1041
1590
1875
596
1193
1470
1071
4775
2090
4879
4876
2890
3671
143
1774
4460
1497
82
1773
920
74
3265
2678
1589
-1649
634
3218
1099
3423
102
1138
2242
1241
2762
3642
2933
2358
3075
3326
-1311
3108
4683
4202
1164
4949
3524
3904
156
5279
623
2023
3575
2406
294
448
-852
-659
-377
2392
2533
204
1762
1292
103
2699
-1135
1372
1436
1249
1912
3131
2360
1033
2249
2486
292
-621
2331
637
2728
1327
1169
1993
2889
-68
2030
427
2192
-1553
3272
2494
2951
3087
58
613
1494
3233
3159
2599
1867
5061
4930
660
624
-863
340
297
3113
685
279
2414
-213
2518
571
147
1401
-944
3582
1834
3437
3774
1239
1251
1128
-115
2634
-538
3694
2577
1236
3131
1774
3559
-223
-729
232
3103
2876
466
683
4084
-81
3799
2944
3312
-45
2771
2977
4730
5116
2612
5310
330
2757
2970
852
4465
5339
1335
389
2750
4885
1406
1508
3764
4933
5127
4250
3758
3246
-924
4276
890
-545
162
-275
48
1886
3296
-92
-384
3459
2589
2946
703
4475
1966
5943
4048
1310
4445
5958
1692
3895
794
-139
2916
3647
4296
2163
1796
1630
3367
1628
2660
1504
687
3680
2975
2625
1595
2407
2927
2299
1246
1610
552
866
-467
2616
553
-160
1774
-67
-888
3032
3117
1301
-712
4103
4171
4466
3439
4104
-66
-851
-323
4465
-675
2701
6109
6073
4330
6153
3869
5314
3005
4977
271
4176
-997
-836
3264
1706
2177
118
744
3662
4130
2773
2358
265
3964
1934
2211
1022
4148
4230
166
2565
2212
413
723
940
3669
1195
698
1443
-434
433
878
4649
176
3524
-706
1538
-1494
-255
-1120
1776
-2398
462
2329
2205
-401
281
1955
2048
-686
-687
1222
-2288
-1034
-444
-2489
-1721
-2882
-1364
-3013
864
-1151
-905
804
-2340
-923
-1767
-1579
1029
745
-1759
-1149
-1640
-650
-169
-306
-795
-353
276
-585
-1224
708
1627
500
-2151
-1036
-2496
1834
-2321
-1753
1017
1610
937
-1525
1499
336
-2899
-647
-2755
-1241
219
-2883
-586
1290
-173
2038
-723
-339
-2559
-1060
135
1732
2189
-694
2054
3
1565
1335
-2064
2341
348
-1806
-2921
-205
-1259
1997
621
-1615
304
-1870
2200
1176
1001
862
-570
-1007
-46
-3019
-1733
6
1702
-297
-1254
1568
445
-1943
898
380
-2529
212
-2108
2213
-1996
-759
-1429
-53
2057
-1614
553
-901
-1467
-273
1812
-2730
-1463
1837
-1626
238
632
-168
-78
-2127
-717
-845
-461
-606
-950
-1929
1645
4727
4864
5338
4002
5698
4844
3070
3893
1571
2627
6597
6765
2105
2886
5618
1594
3715
1612
2291
2199
3515
2869
2127
5110
2386
932
5041
3707
1374
1939
2268
1644
1346
-372
3113
1819
3766
2584
1279
971
2746
3777
4973
4767
4554
2594
5169
7188
5952
6487
7313
3883
6127
6283
2102
462
2819
4357
2459
2944
2400
4018
3500
1343
2446
733
2409
-332
2963
3595
-289
2710
2165
1503
3762
2677
1152
4426
3193
642
2049
409
182
4499
1616
1793
1557
1235
-405
1468
900
3180
1929
-599
490
-47
2166
3719
3231
5189
6567
4719
7592
2748
4336
4706
2947
5918
3520
2166
1883
4024
746
1233
2604
161
-482
1718
4090
858
3083
2380
4773
3665
833
-447
4740
662
1602
5776
3986
3214
1078
2676
3662
4188
1550
2073
3122
-54
1729
19
1592
882
4569
1338
670
2947
1967
1840
2641
4281
860
1404
3577
4611
3532
6131
4785
1605
4978
2029
4985
2289
5267
2363
2217
1024
5745
1478
1853
290
-854
469
4034
3582
2513
922
2159
1247
-148
4002
3554
4445
-407
2546
3573
1713
3331
5238
2524
5906
4621
3622
4928
6039
4468
5295
20
662
1428
3430
3475
1152
1383
1495
577
4160
3298
3671
932
1256
-395
3827
820
1596
487
2909
3818
-419
4437
2820
3547
-96
2969
4484
3663
609
1948
-14
2920
3037
2981
-598
3174
2000
-40
909
4292
-333
3400
4496
-200
1640
2068
4198
1651
6417
6624
3941
5703
6460
2430
272
1493
3468
488
1643
1125
1031
1065
532
1149
4478
1100
1607
4330
2851
11
1145
1550
1101
364
3972
4752
495
5397
3949
5067
146
3159
4214
3819
1533
4118
3647
561
3717
-1912
1530
-1482
-2280
585
-2186
-1878
1005
1788
324
1857
490
-981
-1478
-1269
-553
-924
-1
144
-2333
-2108
1688
-1748
870
1952
-3107
-137
279
-2091
-1079
-1718
-3116
-1354
2091
2198
-2015
-1340
-1875
1372
-2732
-1401
-1345
-1569
1894
-2835
-2540
-2670
-1663
1035
-110
-511
1369
1149
110
133
-1474
-3020
90
1959
1594
-638
-449
2254
-3121
2009
2282
1322
699
-279
557
-1800
-801
-2206
-113
-1178
1969
541
809
-2271
-475
1940
725
-2769
-1511
1172
1062
-8
-1133
1210
368
-171
388
-2010
-2355
1294
-1957
-2413
-2636
1715
551
613
1394
-3139
-2784
468
1740
623
-332
2261
-1579
1967
1833
-2518
-628
1872
2146
-928
1913
-2698
255
-12
274
965
-1
942
1668
1022
1197
2169
1592
-397
-2434
526
-424
1892
-1197
-318
-2957
-1726
1546
-2186
-1817
-298
-292
5282
1538
3827
1646
4713
4412
2977
5314
5284
1945
1120
4839
1303
3872
3766
4530
4913
2100
3231
1462
5008
3893
5482
5263
4353
4855
3141
-384
570
578
450
281
-1061
2086
-125
-812
2875
-471
2646
1864
3523
4309
3311
-166
1730
5116
1716
1251
1473
1882
5140
3180
5089
2560
1073
1412
4415
2117
-428
3877
1835
4191
1669
-446
2278
297
-123
2096
2800
250
936
608
4281
2944
1644
1340
1265
2132
2818
1151
1041
-337
4192
582
4070
1435
1058
624
1599
1491
2409
477
4096
2332
1313
-139
2297
1519
1217
1850
5353
4638
6047
2821
6009
6518
5002
6449
-1210
3214
517
2353
3413
1695
1282
2559
3921
-74
4477
2337
3314
1841
1336
1376
1263
-522
4587
4024
-27
3992
632
1568
5055
2485
4483
3789
2508
-388
4120
1102
437
1268
4403
1440
758
-30
-1927
-221
1607
1554
-532
-323
1056
-1413
-879
950
1444
-96
-779
-2783
-635
-2246
-973
-412
506
1796
-305
-154
-1641
-2403
-2874
323
-117
2148
1374
-308
-1099
1607
-2799
-497
743
-3336
1875
-820
1862
-697
-1873
835
-2256
-2115
-901
1160
410
1798
-1496
-446
-1344
2113
-44
-3073
321
-2124
-72
543
-1616
-2846
-657
-2120
2223
-1452
-849
1591
-746
-238
-3124
806
1678
-3256
2331
1631
907
-339
-601
1980
849
-1789
-1901
2144
-1655
-1324
-2248
589
-922
2082
-1458
208
-1862
-1940
-3212
-36
382
470
2212
967
-314
1084
-2982
2208
-2782
1175
-2060
2191
522
874
577
-1453
-237
458
579
445
1873
-613
-2361
1088
1892
1386
-2030
-364
42
-591
815
-2877
885
-1435
-14
-1230
-2901
615
-414
-453
1723
2084
-1340
-1067
-1054
-2216
-2863
-1611
2282
3413
3611
5791
3588
5274
1219
3570
3426
4785
5809
5777
4502
5142
5971
6259
5105
2112
5321
4322
5452
4443
4321
3790
5361
5766
6311
-204
3544
4355
706
-209
3579
2368
4351
3232
4532
223
1644
-147
2929
4282
464
4261
30
6381
2249
2424
3192
5345
2116
5912
2042
4407
1438
1857
577
4968
4880
-396
1859
140
-104
1343
4047
-243
4789
4723
3424
4241
2695
3528
4094
296
3408
2580
90
4822
1765
3051
1268
3910
2393
1166
938
2903
-204
3259
-152
410
2594
798
3116
460
1382
3335
3577
1581
3068
2650
4200
6469
4583
2403
4537
4450
5760
4269
41
2524
3964
1275
2774
2400
2276
1457
1686
-205
4099
815
294
836
3230
1816
822
3914
1811
1275
4517
2035
1417
2401
1892
3284
2085
2791
2577
4604
4404
1415
3766
208
549
809
2052
610
4814
5541
1114
755
2440
5381
4000
3576
6021
5596
4764
2058
2766
3032
2978
4115
4753
1505
394
680
3794
1313
4453
3955
3919
891
3351
3842
2800
2137
3126
2186
2597
2999
4667
1819
3639
4327
57
2190
-115
182
3939
1856
6502
6384
2181
1561
3554
1562
5426
3099
2644
2047
1812
498
2806
3084
2185
1894
968
812
2852
3165
892
866
4348
3714
-579
400
2309
1287
2671
1376
-305
432
4068
2855
4888
4250
1732
3551
1533
3366
-137
971
2051
2385
2905
4481
4314
76
1607
1879
2907
107
3089
4931
5680
3263
4511
5559
6548
3338
5620
3161
3068
927
2277
-437
2655
-179
193
709
802
4165
4241
3697
616
4149
4669
1677
523
4261
5236
3724
91
905
4632
334
3945
4405
2000
-198
61
4658
3417
3728
998
1238
3841
502
4975
3460
5305
2064
2516
1630
5174
3107
2736
1169
6155
6375
2282
3390
3010
2175
1960
3559
4631
1579
6160
2988
1543
1903
6193
3043
5063
2155
4210
-117
2758
3123
1134
173
1361
1577
672
101
3237
2609
672
1553
2052
3542
3323
6797
4677
5278
2389
5573
3299
6510
5197
4207
1061
3400
3174
2781
2529
-84
535
-684
1036
709
1491
3990
2642
3245
3157
4144
4151
2491
4826
117
3994
4317
-47
191
1995
3654
4765
-579
4458
1716
1270
1263
3719
3106
2140
-435
1818
-127
-667
2971
1398
-565
-295
4654
4553
2803
3345
6399
4200
4519
3977
6162
2262
2337
2698
3075
3200
833
507
344
89
-751
2627
970
-424
2632
4364
2118
-28
3597
713
3888
1071
5493
2390
5494
4317
5103
3558
1499
3409
4738
186
3287
2907
4388
657
436
3233
1699
1780
3330
4874
697
2601
1605
2424
1554
5361
4449
3513
2135
4654
1440
482
1156
2167
1091
4331
2447
1559
751
5014
5120
1006
4919
2374
746
2819
-347
-756
1564
3580
3678
4079
3144
2672
2418
368
4214
4283
-351
-661
1320
210
2463
5791
2882
5932
3217
3682
3384
2673
3037
525
-115
2040
2386
2466
2477
738
-808
3100
2359
-696
4462
1166
-367
192
1082
-324
2310
703
696
4550
1223
2086
586
1771
405
595
14
844
2472
2988
3420
506
-300
1385
4321
1844
4354
3894
3596
1549
2218
-91
2181
2701
1691
1473
2001
3490
2932
4509
2121
6014
2141
3250
4062
4098
244
173
442
-302
869
766
2835
4247
2864
1868
917
1055
4102
-523
1469
-318
1360
321
-304
3301
948
2986
4806
1924
3092
1021
3915
4704
1123
0
4151
4008
3289
3938
4587
4399
4175
2841
4488
6226
2916
1649
1931
3815
4919
4208
6435
4748
5150
1472
5568
5230
4034
4511
915
6013
3330
817
4478
5178
3687
4496
2404
3489
4656
3144
2906
1636
-126
3248
408
2400
-235
-241
1142
-430
3950
2980
3738
6973
5696
6211
2706
2207
3592
6300
2181
149
2222
3056
3584
2600
1661
924
1979
3725
-257
-500
1710
2089
3337
3020
4515
973
2830
676
669
1119
4910
751
1578
3292
737
3436
-184
4266
4007
3095
3966
3458
2553
2786
1977
1195
2445
94
-606
2177
704
829
3306
1221
7392
3352
2321
5804
5160
5424
5637
4111
2221
3437
776
3903
285
3895
2320
875
804
4257
4387
-507
1089
1433
2945
190
339
2516
2187
1193
4516
5525
1923
5781
3892
3434
2166
5531
4494
241
3383
747
1259
1153
2532
1815
1892
7199
5655
3462
3991
3038
4267
6997
6243
4687
6767
5503
7669
4249
2791
4513
5147
7908
6051
3699
6516
7506
3391
4519
7817
7471
4914
6805
4606
2845
1609
3068
3165
5281
4279
1560
5153
2057
2020
4989
4768
4908
3107
830
5916
3531
7409
8409
7068
8027
6060
8269
8486
8514
7022
4434
2687
2200
1720
4747
2203
4996
3347
2196
1600
2305
1123
2244
2032
845
5370
1861
4927
5836
4748
5714
4454
1066
1752
3873
3793
3812
1603
1190
2386
4293
3986
2373
4414
729
755
4019
5237
1263
1557
3931
2817
1116
888
493
5610
6542
6016
5964
4469
8469
8832
6860
7493
5147
856
2638
1740
1212
2321
1776
-94
4740
547
4637
3238
3967
5587
4633
5660
3815
1716
4395
3090
2778
4290
3283
4647
4025
3004
4933
2104
2812
2134
6016
2671
1709
3282
5091
4079
6017
3376
4475
1693
3811
4768
2807
3243
3587
1987
2760
1106
3012
3742
3473
3322
3297
3818
5392
3367
5203
2540
4484
3848
3761
1660
4839
2498
116
-282
1196
538
-367
1839
553
125
4872
3784
5187
4369
476
4887
2876
3310
160
4738
6340
4123
4961
3072
6002
3398
5519
2679
2427
5031
992
258
3735
258
2610
159
266
-323
3085
2314
230
-222
2903
3933
1034
2792
4945
4737
4424
3633
4100
9
203
947
4930
4666
4696
1325
-547
22
4061
2791
4592
2929
1013
-490
1347
3237
2502
768
1935
421
2608
2559
4169
5300
3001
3994
2612
4691
5448
3487
3464
175
3441
3173
1012
3367
3770
807
2276
4987
4508
2446
4217
4085
3748
1841
-353
3399
3131
1748
689
1085
1483
2583
1579
1563
2379
2687
3401
4535
3882
1176
4173
4383
4928
3232
5698
4321
2917
695
2648
4357
4900
1695
3305
5774
1515
4680
4044
3954
4938
5060
2277
4819
531
4306
3414
2755
5113
4377
2596
2519
4888
3406
1159
2809
-363
4288
925
-52
4081
666
4684
3933
665
2591
4582
320
2335
2062
-101
4777
6269
5938
5240
4231
3143
4623
4068
5807
297
1478
-5
3877
3672
-269
2183
4107
1889
4752
1494
4363
2001
3877
-68
4646
2233
3599
3562
3871
1735
-152
4166
612
3530
4407
1657
4598
825
-548
-68
1133
2866
429
2023
1946
4126
289
2588
4307
1466
1960
4192
3899
3362
1678
3877
1640
3026
3269
4820
6880
6402
1912
2889
421
-336
3725
4208
-104
-866
2935
3756
3269
3751
26
3495
1524
1462
-546
4279
4110
1405
3901
4331
2995
881
2910
2009
4854
1664
112
-180
1380
924
1385
1564
27
1117
2393
5188
6047
3856
3843
2679
5281
5555
2170
2540
2430
3070
2887
5278
2922
1902
3969
4417
5548
1540
3550
5935
5887
5641
3292
2974
6098
6036
3730
2939
2574
799
4246
1895
-261
2765
3212
3977
2495
3312
3178
2033
425
5056
3648
3185
2567
5155
4862
6188
7308
3919
1928
2482
6496
2605
3976
1055
3353
2159
1849
2738
2592
2178
1241
1129
1563
382
1254
2296
967
2852
3781
3352
1968
2998
1318
4984
4798
5041
1985
4766
2710
1711
4072
546
-183
4742
3264
3723
-380
2738
3461
1449
472
4445
2922
3472
4852
60
6710
3751
5807
6632
6812
5740
5220
4924
4144
3387
4618
2010
-406
1417
1199
3272
-207
1155
1283
426
1234
3986
3109
4558
2225
3776
3526
4906
2858
5178
2851
2192
4312
4146
1390
2281
184
5412
3419
4965
442
5393
5218
5245
1022
6331
1566
1885
2918
6551
3121
4989
3563
5283
5595
6441
5573
6229
6479
5018
5981
6394
5245
2669
5619
4007
5261
2750
1063
1948
3487
1817
688
3277
2887
1042
1790
-698
1662
1766
155
4802
1035
2736
472
2916
293
2291
3525
4568
4820
5184
5054
3174
5339
2258
3732
4682
3811
3193
202
3017
404
-92
1711
1835
907
4668
1182
1367
2307
872
2385
4545
1661
885
3659
3154
3940
3256
983
368
1585
147
142
4065
1690
1862
-147
3278
4064
3607
165
2143
544
3267
3526
621
33
116
3193
2571
3880
1566
7045
7397
2783
4493
5243
6642
2562
6152
5189
3577
-749
3831
3582
1583
862
2895
774
967
618
4817
4131
2639
2484
499
4318
3368
3062
4176
751
2231
5008
2344
5491
1263
5306
5952
155
4796
3306
3847
1734
4520
3081
519
4900
-339
-1013
338
-37
-2855
2336
-678
423
-881
-2886
-2695
-1136
-1227
1816
14
2251
1862
-68
-1381
-303
-1318
-3074
380
727
-1213
2088
-105
-543
-1097
2203
1046
-2353
-2469
-2618
2053
1851
988
950
-2220
1606
-577
-469
-58
-1188
2122
5
1415
-2030
-2683
-1247
508
-2247
-1806
528
2275
1956
2113
-951
-2299
595
-1961
2199
288
-2800
-373
-2159
610
-1769
-484
1597
-2406
1501
1287
-245
1851
-2235
-2540
-1398
1886
-1989
580
-2311
-209
1922
1546
839
-1548
930
1923
-2881
266
-1822
889
-607
-1027
-2341
-2321
-95
383
-433
1839
-552
-2271
603
-2184
1933
29
-275
567
946
-2427
-1486
-1306
-451
865
-1689
515
-43
-2520
1053
-292
-2121
242
-1637
-288
-2553
1821
-683
2195
1662
-2807
-3079
1318
-1226
1255
168
719
1435
671
1961
-690
1731
-2676
-3032
