159
3554
2
-670
2544
-703
2369
3984
3215
1971
531
195
-2692
-66
-1349
746
-503
432
-2147
-2134
-2749
-3505
-5156
-753
948
-3278
-3280
316
-1385
-1580
1157
-3523
-1284
-812
1815
2055
548
-1152
-567
-1630
1939
4018
1715
2877
2288
845
-248
1590
-1017
3137
1184
828
396
1066
-3712
2064
-306
-4009
-2494
1509
334
-567
2022
523
1077
2442
610
1995
-978
-462
1128
3715
320
6294
1412
-777
-932
1101
5351
-1301
-1716
-2447
-2326
-204
-429
-1452
-3504
1155
-4009
-5259
268
1599
-3374
-4263
-3062
-4252
-769
-3062
-454
892
4680
1601
-2002
-1152
-960
149
-3401
-513
3340
-3084
-325
-2594
2920
-5882
-880
1623
9201
16866
5390
-2095
-3608
-3605
-3670
-5405
2024
-3825
-1496
-3080
2780
6391
-369
-3258
-6261
-10847
-2900
-1830
-5736
-4442
-4799
2413
-18
590
324
5562
5159
6050
-858
7168
2482
-15890
-20026
-14824
-8904
-6687
-6110
-3217
4383
527
2243
5041
2696
343
-1650
4533
836
11378
10656
6741
-827
4723
1565
-4560
2713
-1818
1612
-3427
-2117
-5648
-5508
363
4402
9586
9529
20634
11564
11100
3182
93
-2593
2958
100
-302
282
-728
861
2585
4689
-4513
-7398
1060
3801
628
-547
874
2076
263
3039
1415
1598
685
4152
-964
3476
209
-1207
2254
4983
-850
1327
-2450
-4701
-1672
-1208
122
-2348
-3608
-2737
-218
-1370
-2870
-764
-5620
-3184
-833
836
4101
-2198
4663
1324
-1406
1593
-489
359
2782
2970
-1076
5432
1768
3498
48
4450
-537
2901
-1326
-2561
-1102
-4002
661
-4879
-3401
306
-1005
614
-1465
131
-1571
-186
4152
1936
2978
4064
-853
5681
5125
1688
933
308
2413
3809
214
522
3211
-2825
-3235
-284
-2069
117
-2471
431
-4008
-4768
-3124
-2969
-3812
-2948
-2132
-1428
-5341
-1744
203
2366
4363
-1929
986
-592
-71
-227
-1423
3280
571
-718
2795
2306
2174
1118
1462
3958
-1517
-2053
-4494
-4331
1725
-1071
-1624
-4596
824
-4043
-2787
-1528
-2768
-1804
-5219
-695
-4468
4174
3120
-282
4030
280
460
4779
5006
-315
337
4507
3991
3350
1481
187
2424
1501
2533
2350
1014
-2484
2055
-3392
-129
-2420
1323
-3246
1180
-171
-1768
-4535
1545
2005
2895
3983
2357
933
1438
5115
5786
1696
4996
4479
-610
87
4314
4125
4749
38
-3142
-4990
-3740
-1567
-4983
-740
-2812
1455
780
-3948
-2574
885
-2455
-5174
-1687
-3994
-2829
2862
1002
2909
5613
5494
2843
4526
3705
3426
5802
2274
4504
1848
5547
1481
5875
3240
2458
-3446
-5760
-5698
-288
-4159
-4026
-2160
-4677
-2865
-4442
382
-3503
-4911
-3583
-3663
1013
1651
1192
1664
113
1436
5232
-484
2673
4112
-225
1556
1155
168
1084
2876
5029
1991
949
-421
-4710
-2997
974
-187
-874
-419
-5271
-567
-1880
-1959
-720
-189
-1410
2376
1584
-232
4518
5584
5257
3591
3389
2765
2286
3076
3647
4806
2989
5345
1522
1071
-3365
-5824
-5578
-2883
-5307
-5918
-1274
-547
466
-169
-674
-4736
-2047
-2269
-3732
-5068
366
-1564
-1390
1941
3153
1612
-572
3239
-122
-1591
2601
1359
319
2499
-1264
1847
3236
-1786
3148
-1071
-1342
779
253
-1128
1863
617
-3743
-2704
-3199
956
367
-3120
-636
-1268
667
1737
1361
403
4157
621
-947
987
410
4331
-1646
2824
1400
-2125
677
-1893
-343
-1448
-711
1211
-2517
575
-429
-3703
-4170
-2234
-385
-4531
1354
-4138
-212
669
-3421
3764
2511
-2381
3307
2681
-128
441
1384
112
3663
716
1692
1858
1366
-2142
2656
-2724
-3923
-2329
-2442
-3268
1480
-4298
-2489
1508
-2080
-1414
-3346
-1846
-334
-3760
-4145
-3450
2898
11466
5286
1013
934
-2264
3762
1049
-4578
-4374
-3488
-3013
-3220
-2742
345
-3522
-1
21856
18588
4017
4119
4729
2164
5
-4691
-4988
-1329
89
3976
-3991
-760
-3353
-7048
-7555
12244
2991
-924
-4078
-1161
-640
5489
3940
5266
6400
5015
-2542
-1294
-4279
-6321
1931
19212
28692
15975
4830
6611
948
6701
4553
4295
-2403
-961
-3459
-4697
-6475
-8557
1694
238
20359
10561
7282
4741
-2991
-4227
-5282
-2908
-6490
-5582
-1551
3016
4555
-2857
-3281
-10186
-8567
-7671
-7001
-4457
-3216
-3412
3534
-2862
874
-3469
93
-1520
-5037
770
-3941
1514
1693
13082
-2648
-2956
-3650
4042
-162
-991
1167
-956
999
300
1091
-236
-3117
3080
-2610
3120
-1169
357
-931
920
1646
2557
-2839
-3061
-57
-1526
1735
-4015
-3383
-173
-3129
-5714
102
-2522
3126
-917
-2205
774
1203
1876
4174
3186
987
-618
753
-1435
1403
2393
1585
-419
2296
-997
-1342
2111
485
379
-2721
-1558
-3153
-3872
616
1130
1642
-253
-4661
2021
-3568
436
-3145
620
707
1760
2602
2771
1141
-1321
2060
3882
387
3322
-1707
3636
-1093
1343
-5076
-4888
-3763
-4010
-3941
-373
-708
-1181
-2113
139
-750
-2411
-4988
-332
2288
-2531
-2460
-793
-3015
-1328
2649
-1339
-731
2585
-2037
-650
-447
969
-3296
-703
1659
1732
1879
-2488
-2051
-2860
2901
599
184
2453
-546
1194
2417
-1435
-226
-1709
1966
2154
-2268
-1132
-2242
2932
-3521
714
-1124
-1439
-3321
1380
-1648
-2900
-2082
1544
-2312
-3513
2055
-2155
-2446
1564
1051
-2631
79
2793
-1274
2606
1023
3257
3163
225
1361
-1561
-2763
2393
-2552
952
727
-101
2376
667
-3609
-1854
-2916
-2154
-725
-1774
2717
1739
-3068
-1444
2226
1539
2338
-692
2649
607
2187
2060
1073
-241
1797
-1137
-1410
2677
1311
-1664
3380
559
1929
-1644
-1998
2049
2526
-626
2701
-1099
4930
319
-744
1505
2899
4291
1124
2808
4857
2267
-2253
-2268
-5044
-1066
-1189
-5048
1019
1203
-1254
-5054
-4708
-914
-4382
-3174
-2571
-6622
-2206
2451
-1788
2226
2772
-1055
442
2550
2788
995
590
1413
2324
-1113
-185
4127
3075
791
-1732
-1914
220
-4222
-1836
-643
-5073
61
-3832
-1705
-3086
-418
-2572
-363
-3925
4482
-528
982
2305
2193
3653
6208
4842
5033
2624
437
2247
4337
3200
169
-3054
-277
-595
-228
-3282
308
60
317
1458
-4890
776
-799
-1899
-1211
-2368
-4371
200
487
3886
-1266
1078
172
-665
4102
4092
4309
1365
1886
2033
-1264
2121
-580
56
610
-1850
2773
586
-1088
-1462
1441
-329
-1383
557
1452
-1648
1022
-3713
-4434
-142
-5826
-5275
898
-1004
2864
3175
776
-1679
-650
2230
4469
3895
89
-269
-114
1118
2831
362
1978
735
3634
-2107
-1806
588
1797
-5153
-4608
248
-1798
-74
1439
1800
-3396
-3132
-3192
-2398
3686
2803
2263
916
523
1922
3722
4030
2905
3490
3394
3164
1269
2142
-106
183
-5007
-5347
-3545
-4335
-2368
717
-330
-931
-2534
-3300
-2494
-2974
-2939
-5028
-52
-964
-1502
1855
-1444
-1401
-1743
-2412
-1318
1306
-1484
3642
5451
1817
-2715
-1583
-3614
-3901
-10178
-15504
-10048
-12089
-6370
-1353
-3045
-2789
1220
2694
4249
783
2606
4870
6322
2983
9937
11198
22116
8433
-4196
-2928
-839
-4468
-5437
-1173
-4196
-908
-5054
-4071
4597
5824
367
11954
11873
14718
8087
1085
-1607
2823
1039
220
-1126
-3070
-5270
-6572
-6047
-2714
1675
1631
-9176
-25562
-17012
-11090
-6191
2488
3842
1950
2888
4687
5711
3683
2734
-1323
-1106
-3122
-3361
-8085
-6000
-6749
131
-3071
-4635
-2881
-3678
103
5145
5603
2684
983
-2978
-574
-3070
-6106
1878
476
1880
3218
724
3162
1306
2354
3792
750
3768
4013
475
1247
3900
-1893
846
3495
7
-2030
-2274
-5229
-3288
-781
-5214
-2014
-3189
-829
-1567
-2062
1432
-4132
-963
-5655
-955
-1991
4588
3923
2376
2664
-280
1463
-829
5125
1059
1725
4814
-276
-393
3348
1489
889
-2517
-2086
-2975
1711
-3315
-4659
-2951
-562
-4246
56
-1101
-402
-3494
-1005
644
-1572
4244
980
-296
-492
1861
364
2502
3628
1887
5373
-857
922
3581
4153
-216
-3105
-5535
-1042
615
-4976
-3324
-3871
-715
-176
-4902
-5016
-5301
372
-5723
-5226
-1819
-3952
-160
2505
244
-1094
5295
677
1692
-845
-976
560
5722
5537
4113
-847
827
-1358
2860
2154
3468
1121
-287
-2744
783
-4685
497
428
-4642
-383
-2508
-1641
-2182
-4810
-1852
-3334
-5228
-1060
2010
-1172
1738
3735
5004
678
5610
877
1309
3631
4855
1172
3172
5955
4634
3311
959
-400
-3108
1446
551
-93
-3246
384
-2095
-324
-3591
247
-3783
-4807
236
-2286
-194
2965
2711
5469
3790
4192
2008
174
4159
2216
950
107
1595
632
4464
-2131
-5546
-3153
-4026
-5552
-246
-1004
-6052
365
-2914
-2588
-5629
-878
-1939
-4580
-3832
-3936
-2433
-852
3548
-2271
1157
2882
2314
4428
-987
5031
-563
206
5281
2642
367
-1314
514
-284
-827
2298
-4378
-4960
696
-4015
721
-4343
32
-4161
-5381
-3201
-924
-746
-4606
-2082
-3664
-794
3485
3376
4919
-2306
-555
4138
146
-199
332
3701
-832
485
2023
2958
2207
2125
2165
-2032
-2043
-2181
-1570
-4772
-108
-2109
-365
-2266
-3085
-409
866
595
268
-1991
-969
3138
3273
5632
-593
1415
375
2824
1396
4665
245
2929
-1604
557
-1040
1157
819
-3129
-1909
-2752
-2159
-3344
-1578
-671
1213
-56
-1334
-5094
-4675
-4551
-2898
-1330
3023
-1676
2121
264
3368
3596
3849
1476
1305
2619
184
4674
4543
-999
2049
-1516
466
4440
3057
1239
-2149
-2246
-650
-3183
-1215
605
-124
-4008
-5523
-4019
-4475
-4378
-6194
-6001
-1857
4095
1841
-1262
5300
-564
-1236
4282
1532
-366
1807
745
2293
3578
4085
5700
-1247
3396
-429
-625
-3353
-4740
1307
-59
-4549
-3720
-902
-1746
-1167
-39
-2952
-5110
-4267
1225
4176
710
435
1762
287
1171
6645
-223
5130
3939
3409
5112
2151
2142
1046
3591
-2922
-5465
-5628
-2431
-2754
-1841
-830
-1778
-2964
159
-1437
439
-893
-911
-650
-4433
-1892
-298
353
-2775
2403
2681
3611
2963
1699
391
2921
29
3698
-1890
3186
2927
4025
3965
2600
2643
-3656
-4574
-3080
-4670
-374
-2110
-1403
-2507
-2397
-4151
-3728
1933
-5763
-4325
-4188
-3906
-1199
-457
1395
2338
3107
2471
238
-1657
2369
-998
-2210
1248
-592
4044
46
7575
4271
2327
-1620
2517
-2144
-1208
-1249
-4690
1051
142
-302
-1741
-1823
1742
-689
-884
4470
3272
3440
3242
2901
1720
3921
112
-206
316
-1190
917
2297
924
1432
1960
-4053
-3217
-1828
165
-286
-3858
878
-1784
1520
-2945
-448
-2580
-1473
670
-996
-313
-160
2469
536
385
2977
4868
2775
-426
1076
3105
-589
936
1388
158
1180
666
3428
242
-1781
1444
-1445
-3787
-1698
-5119
-1672
-4818
-4718
961
-4619
-4411
-904
-2858
-2273
-658
-1077
-1681
2331
2118
4530
-216
-729
1838
151
840
4605
2934
4526
942
3426
2001
-1196
-669
-651
1338
-80
-4107
-188
-1010
-3624
-3737
-3721
-4928
1455
-4045
-242
-3755
-4535
1628
2541
1143
363
2574
3834
3495
76
-262
-57
4581
1961
1173
2238
1321
2351
-2247
-3099
401
-2375
866
-49
-2768
273
-2600
442
-2032
-6161
-1228
-2201
-4892
-364
-4293
-2854
704
1419
2805
779
647
2716
4387
4352
1145
1908
1646
5107
1378
1966
1452
-275
1518
-2168
98
284
-1510
-2547
179
-1419
-4425
-4516
-267
591
1362
-697
-4298
-5583
-2947
485
181
3106
3089
3164
-210
791
-379
2037
-897
4555
3047
2889
5233
1111
2619
225
3673
1321
1893
-2095
315
-2904
-4064
-4664
-543
-4812
-2901
-1520
-1397
1371
551
-2456
-797
-619
-906
595
1632
4456
1893
3922
-446
677
2427
950
5216
1134
4604
2939
1410
-5686
-1249
-4837
1079
247
-4160
-1646
-471
-4442
-1456
-2896
-1410
-64
-4175
-5242
-3849
476
-6706
-2786
-381
1092
-1601
4804
4291
2159
1107
3039
3144
1756
627
6726
5546
11761
22297
14455
6880
-597
-2176
3202
5532
6536
3659
743
-3448
2394
781
-7138
-3034
-770
-3388
-307
-6530
-5221
-4782
-2297
-1829
-2368
3095
-131
-2853
-2916
1276
659
5983
595
-9526
-24607
-19001
-11574
-4878
-6427
-1617
-4693
-666
-489
1385
2583
3359
4128
2595
-3904
-9501
-12471
-25651
-11466
-6982
-4658
-1837
5142
5479
279
4196
262
358
-3681
3274
-3389
-94
-10403
-1858
-16142
-5432
-7982
237
3557
6690
3321
4827
5013
5218
5402
-706
82
-3839
-731
1238
2355
-2023
-282
1812
-60
5553
875
875
910
1134
-406
2329
1192
3347
1768
797
4100
5512
-2424
-2201
-2862
536
-2214
-3207
-3609
-2810
-5030
-4947
-927
-2018
-5026
-2142
-4792
-2107
754
4250
3181
4585
5077
92
-1121
1636
4674
3573
1326
1986
3744
4341
4776
3904
409
-1467
1511
-2547
-4417
-1432
-1329
-5047
-31
-1261
-2874
-2512
-2019
515
251
-5642
-2283
-489
-325
-1477
2854
1592
-756
5397
1030
-732
2088
-219
5037
2206
208
3154
-97
-233
-966
-288
-5632
72
-5470
-1231
-4718
-2130
-4004
537
-1446
-2304
586
-5404
-4254
385
1786
2586
-131
-966
6193
3176
-549
4059
1786
-1008
782
75
1421
1707
889
2935
881
5131
-2622
-3927
-2587
2
-2881
-4864
-16
-19
-3249
-4894
-1456
-1567
221
-5143
-4866
-575
554
35
1091
3773
3567
-1399
3617
1829
5547
-32
1186
5916
865
-294
4168
2205
3010
1848
2495
-426
-2581
796
-1514
-5567
-1650
-1494
-3842
-3597
1385
-3074
-835
-1448
497
-127
3682
4462
1373
1964
5574
4560
6644
-138
1228
-221
1271
5444
1016
599
679
2103
-5544
-5516
-5991
595
-4184
-5024
-146
804
150
-5786
-1214
-307
-4819
-2821
-45
-1555
1215
-184
-2384
1031
5725
4753
2239
3130
2252
1973
4476
5623
793
323
2024
1834
3608
-136
-89
-216
914
-2536
-4824
-847
-4212
1057
1
-2327
-2098
-604
-134
-281
-4269
-6356
-2952
-865
-1229
-834
-265
-2548
876
1982
4134
3905
1332
3554
2796
2824
3767
3319
2139
8
-1324
-2564
-3416
1376
-1328
-5435
-2111
-2751
-87
958
1958
-1858
-2586
-3276
-1906
-2636
3266
3619
-93
2625
4239
5806
4990
1195
1516
884
882
160
1915
3475
1923
-701
357
-5787
650
-3347
-3397
-6026
-4847
-247
-4396
-4926
-1700
-1340
-2552
-365
-4514
-1541
-2477
2387
7556
1241
495
3493
-2516
-4400
261
-1778
3126
-1594
-2647
-1303
-3094
-3402
2842
-7210
-7726
-11766
-7537
-8007
276
-769
-2908
2629
-913
-2082
-2864
-1947
-5752
337
-313
8273
26418
17999
12471
7937
4787
-683
-6151
-470
-1733
-4980
-4779
-728
1949
4678
3035
-990
9031
21709
6654
5429
4565
3343
-1284
-2606
-758
5123
3924
3942
5461
-494
576
-4707
6872
2200
7661
5476
-1722
4391
261
2125
776
-3202
-4127
-3228
-4672
-5210
-1603
-1218
6444
26759
28656
1637
4489
-1872
4892
-1844
-1613
2095
-1532
-3035
1835
-1444
-4038
-3220
-44
-1678
-4510
-1558
1882
3454
5757
4353
3811
1701
1027
4700
4403
1474
4099
3536
3124
-62
2999
1999
336
-779
-1102
-1980
-1729
-391
-5104
744
-3241
-838
-3411
-4584
1149
-3013
-5653
-4191
-2849
2025
3560
2696
4254
-871
-1209
733
1650
-637
2766
2023
-1462
1390
3779
-182
398
2077
-3070
-12
-1950
404
861
-465
-413
-2780
617
-1524
-3933
1370
908
-2839
1665
-339
4691
224
1615
1861
2323
3094
5166
3783
-875
5540
-290
1013
2675
4702
1848
-634
-5230
-483
-375
-2388
-3865
-3917
216
311
-4047
-1058
-6006
-1057
-3881
-5467
-2386
-4053
-2291
-2329
-2236
1533
4122
4455
-1031
-440
-1893
-1228
812
3242
4556
1632
-1292
3573
5324
5021
-2702
-2823
-3542
751
1335
-2036
713
-1189
-2786
-531
-3888
-596
-152
793
-6730
-4072
-2112
2589
4890
1359
2436
-2528
2082
989
4517
1891
2464
1320
3555
609
3956
3056
-315
4949
319
-819
-1745
-2462
-2837
-7
810
-3930
-705
-3862
-2666
-4291
510
-4585
-1674
1386
404
-1056
4284
2067
134
2902
3709
785
429
733
2301
1979
-657
4184
2762
3247
-5679
-2104
280
-4911
339
-4796
-335
-2516
-903
-4525
-2806
-2987
210
-4852
-468
-4165
-495
-1173
3081
1760
2155
822
463
1458
-1563
-483
-942
-2873
1613
-2611
14
760
-618
-1622
1055
-2105
-2277
2334
-701
-2430
-2489
1469
-3356
-906
3032
-2623
2053
1905
2085
2636
-907
1491
-3025
3591
-36
1635
2821
-1598
-3106
-1824
1537
2357
1795
-1108
336
-5738
-284
-1521
-2595
-3086
-2197
-1470
-955
-365
891
-2585
658
-3847
812
-2575
519
2128
-329
1233
2219
-2882
3100
441
1924
646
3203
2225
181
-2999
2511
-2764
1089
481
2191
161
-2962
-666
-1164
-4269
1260
-1893
-1584
-1542
1795
-3
2278
1789
516
3007
1576
1539
5610
2165
3962
2223
1183
2610
592
4031
2457
-307
5169
4312
2258
-1223
480
-1976
300
5122
-73
1692
-447
783
-606
-4218
976
-4652
-968
-1003
-124
-4288
-619
-2005
-5962
-2963
-1996
4079
-774
1978
5086
-1282
4749
1173
4937
1637
4901
-703
2660
794
3200
-394
-138
1446
-2929
1561
-3863
-2002
-1715
-717
-3324
-1413
-3596
-1619
-4311
-2450
-4305
-5298
1657
-3335
4094
-469
4764
1187
987
3935
745
135
-804
4411
4888
653
4178
-1040
3681
-2887
558
-4535
-4344
-1496
-4932
-321
-2866
-70
192
-873
-4004
-1625
-5814
-4772
-5557
-2135
-1877
-2953
-1830
-2360
201
-3059
2277
2541
-454
-479
-4707
561
570
5075
-3779
304
-3764
-8349
-2364
-760
2752
-1642
-2476
2105
-2143
-146
3401
-3509
-1936
-660
-1537
2624
6088
1981
8198
-2293
-3747
-3600
209
-448
4124
2420
460
-1261
-4303
-3145
-5171
-8507
-4915
-4813
-8276
-1337
-6706
2031
-2037
438
1082
5294
3767
4214
-569
-260
-1000
3787
4551
7937
5449
-13367
-1811
3348
2978
-2757
2747
-543
54
-280
-2999
1459
782
3747
4188
-2603
-1273
-4716
5114
-1166
4484
-704
5599
3575
-3078
-939
512
-924
-2853
-1918
-3215
-1321
5231
-1231
5915
-983
2371
1489
-860
131
-1726
2444
204
415
-596
-2598
-3123
1063
165
2480
8
694
3886
-446
-2282
1237
131
3919
3815
-1324
1057
1060
-2425
1922
1047
1618
719
4175
-1724
-429
-626
-4521
-945
-2679
-2465
-1918
1517
501
-1901
-483
-364
-22
-217
-1904
848
-2779
2233
1358
4413
971
1376
428
187
3475
-2174
-1563
-1714
1211
5333
-2713
-1333
-5331
-1821
465
-330
-478
-2605
2114
-1961
-268
-1319
-946
2552
-3429
-681
2082
2528
-2090
3469
3028
1385
2474
778
3137
1120
938
-355
-1691
-177
-2448
-3230
-95
-1591
1219
-1502
2518
885
2589
1182
2962
4509
3442
46
4357
632
4085
-796
-61
4657
1553
1231
3821
3415
-2576
-3709
-236
-108
249
165
-5019
511
-1497
-2478
77
-4105
-3317
-2128
-5143
-441
2377
2854
2690
-1015
3340
1082
1263
283
2010
2751
1436
-435
2301
3691
2951
2406
1684
-3005
-3117
-1593
1197
1946
-4595
-3216
-3669
1202
-4185
-3123
935
-4614
462
-2051
-882
2107
-1076
91
5454
757
2624
3784
5232
5263
3973
1551
4763
-770
-788
1614
1487
257
-2572
-4990
-3347
-3062
173
-3589
-1533
-1291
1023
-3249
-462
-984
-3070
-3158
-4643
-87
-1270
847
-1752
2019
539
3436
3392
221
-1299
966
4979
4448
-1484
2052
1231
286
1450
2892
2206
-1718
-4713
-1401
-1808
-812
-1604
650
-2915
-5101
-3802
-2418
-3716
-6676
-2712
822
1210
1820
1137
-694
-1703
2674
-658
5036
4664
216
2336
4373
5287
5147
5043
2933
2802
3028
2376
-4670
237
2124
-3331
-2349
-3497
-632
1417
-1288
-3222
110
-2111
-2647
2622
2935
1465
3188
1058
4274
-436
5190
5207
4371
981
594
-435
1194
2676
-951
1903
-3548
-3640
-3911
-82
-3611
-3562
-4971
-3813
-4433
-2615
-207
-3868
-5478
-552
-1481
-291
2781
-1017
-2522
1998
1413
-272
5329
61
2524
1730
-409
1682
2617
638
4405
92
-285
3235
3055
-1305
-699
-438
-1008
-308
-1786
662
-4822
-3190
50
116
503
-3942
-1276
-4355
706
2173
3909
-354
901
3182
4554
3482
2479
1335
1699
-478
1369
4289
953
2263
1627
-475
90
-2045
-2385
-520
1623
-1337
-4514
-5419
339
-3169
-2716
-1099
-1491
-3555
-1291
475
4488
2648
426
3666
2016
4360
3656
5373
5184
2517
2611
291
1065
2512
1095
-2458
-3820
-5706
-2207
319
-4014
-3238
-2722
1256
-4052
-529
-4409
-3290
-5042
-5088
-1206
-1888
-2052
9334
8378
5422
1797
-408
-3174
-2818
-2666
-3397
-162
2995
1863
3318
-4288
-2358
-4192
-13909
-20426
-3600
4091
8539
4692
-1456
979
-533
843
-1571
-3754
756
-224
581
1950
-7602
-25133
-15469
-2820
-372
-606
1995
3469
4808
1740
2057
1497
3724
-1024
-1258
-4372
9804
11508
6271
832
-5047
-2659
-5078
-2202
-5172
-5849
-2480
-1811
-700
-2168
5431
5540
-6067
-6441
-22452
2836
-81
1453
-5624
-4320
-1392
240
570
2603
-1621
-3492
2459
-1567
135
5074
12365
10158
-4942
-2158
5312
7129
4279
6785
1242
4691
-1293
-2432
1943
-1801
2130
2636
3513
-9831
-1240
3040
463
2471
1276
4734
442
-493
4221
1056
3712
119
769
1250
2107
-50
-1289
-3105
-2944
-1966
-1194
1838
-260
-3152
-1885
-319
1559
-4095
-1669
-4535
-3759
-1983
-3092
-4571
-1717
3876
2922
-438
-1888
-1474
3622
904
3976
4506
-71
-1362
-369
4192
-286
-1371
3631
-2533
-2376
-3871
-3078
2641
455
1205
262
-372
-1832
-724
-221
837
-420
1581
-1253
4651
-372
2452
2981
3877
2557
2411
1211
156
3915
3834
3281
176
2349
109
1451
168
650
459
-4508
-3855
-961
912
-3560
-3005
-216
-3699
719
-3491
-6
-665
-2293
-2248
-634
-4699
-1161
-3644
3460
34
1302
2671
5319
3059
3330
-2038
-1894
3927
7715
958
7036
-12241
-1552
-9466
-5588
-747
4246
3310
1246
1832
-600
5802
6514
3758
6368
788
-11967
-26985
-12522
-7415
1435
4692
-13
-1670
-404
-4142
-1961
159
-358
-7291
-8961
-3091
-3568
-5052
-8134
5035
6331
2488
4196
4182
2269
602
-470
4560
3300
4461
6090
3051
5033
15984
23962
8433
4310
371
1642
3467
2405
-1840
-4700
-951
-1516
3939
-2261
4934
6181
9136
3000
-12754
-11204
-4665
-9508
-8351
-4734
2254
3901
1034
-2230
-4681
-3506
-5324
-2168
-2667
-6025
-14360
3003
-3095
1547
-839
-3321
-1316
-1796
-1535
2884
2278
-4051
-3384
829
-1599
1798
-147
3644
1692
-1054
2536
-2694
3180
-2395
-455
-1134
766
4134
-3644
-4140
1916
824
-2314
-1520
8654
1879
-3268
3794
2773
2054
-1697
424
-296
-1499
-5670
318
-1211
2268
-2626
-150
-7376
-3873
3894
-4840
3093
-2246
-3591
-1866
-248
4468
5686
6009
-1712
1315
319
673
1228
-2723
-3770
3775
-3166
1645
-3845
-2553
-3173
1499
-3775
-919
-2433
1630
-136
-646
-4821
7148
9334
6088
-616
-2166
881
355
285
3049
851
3464
-1596
1987
-2479
-813
3512
-3766
4461
898
2415
2119
733
513
-2350
-3239
-377
2975
-2371
20
-2447
-2183
-5913
-6280
-7999
-7246
-8767
3015
-2702
5054
3928
1446
3353
-799
4642
1026
-781
-5982
-728
-5019
1037
-119
-1759
3413
-3536
2022
1494
4331
6085
4860
2464
-2747
-2150
2259
-1905
627
1753
4451
-443
-6111
328
-22
-2706
-2
-428
1524
-3155
-1361
498
2951
503
-4245
-681
-498
19
6204
3580
749
6156
993
4033
2276
1182
-747
4161
-179
1078
-1936
-1310
1723
-7212
-2647
-6407
9851
8171
1617
2774
3149
1235
816
2545
2622
-1526
-3361
-1179
-5378
1851
-326
1440
2619
-956
-401
3473
3152
3037
139
147
777
-856
3726
-1067
3435
1295
1508
5170
2089
3447
48
-3126
-2815
-2537
745
-3458
-2846
-1937
-2637
-3961
-1328
545
-3166
-4073
-5385
-237
1788
3606
3875
28
2970
-958
750
-784
860
-37
-830
-698
945
-826
4665
4065
1675
-710
-2531
852
-470
-982
-2863
1040
15
1510
1296
-3721
-3967
-3279
-5148
-1706
-1156
1363
2372
794
4103
3004
5130
4702
681
343
1796
-1340
134
-378
4137
-564
-1629
-4702
-3004
-4154
-4887
1205
-3654
-2326
-913
-1308
-926
-1028
-3212
-3597
-2688
-5100
-3396
1554
-1350
-1536
358
-1614
4189
3143
-1952
3041
-2699
4664
1146
1147
6153
2019
-118
3664
-7207
-13380
1005
3690
853
-5813
-2329
4521
4222
3017
919
5781
617
364
-8248
-7453
-4344
-6032
1152
-421
3598
-4722
-966
-4016
-2246
1350
-1506
-5783
-6213
-126
-518
5024
5880
-245
-14876
-410
281
-5300
-7390
-4653
4
1792
2756
4306
-1301
3621
4830
-3330
-2276
8263
24912
6071
-4154
-4480
-6406
-1096
-3581
3720
1414
5099
5552
4115
3310
26
-1888
-13727
-19513
801
9886
3998
3873
3263
-1762
4403
1654
-1569
-3833
-4176
-4234
-1849
-2633
2980
-5456
-14537
118
-694
727
1155
973
5071
444
-1331
3652
1346
776
4514
-331
212
1696
1562
4670
3150
-971
-2950
-125
377
-4351
-936
-712
1609
-3574
-4429
-2565
-4786
-2206
-1741
-5179
1314
2872
4010
-1069
3695
2684
3391
-795
3326
2652
2492
5221
1490
1314
-151
-43
127
4524
1647
1421
-498
-311
-1956
-889
-2775
-967
-149
-3833
-3396
-4288
-431
-3672
-1466
95
2880
-1816
1390
1723
1514
-714
700
1360
2588
4332
166
2171
3985
638
2721
2209
-3591
-4678
-795
-1063
-3468
-5159
-2506
-1400
115
-4378
-2107
-1540
-1658
-5080
-3128
-4719
985
-5368
-7229
5075
-3456
1543
1928
1075
-4983
-5470
-6253
-1838
1502
-1845
1183
-7474
-11700
-14517
3772
8495
6070
-5548
-2524
784
-1380
-1998
534
4315
-2217
-2398
-3100
-7090
-7828
-3983
13640
9487
2579
7453
3392
2648
5152
-1908
-3149
-2321
600
1883
-2947
2103
3314
242
-11195
8921
941
2622
4986
5077
1185
-2143
-1562
-1346
2620
3583
4439
6754
6267
4174
-10529
-15852
-7564
-1097
492
255
-5291
-1790
94
2381
2451
5452
4833
3289
9237
3307
4345
-18760
-24040
-7276
-2253
2751
1888
-706
-2832
-1071
494
4761
79
1108
-40
643
-4739
-1302
-459
924
3520
2288
1576
4499
-183
1955
2142
3393
3061
1864
384
318
2460
-2030
3561
5174
-1235
84
-955
-3417
147
-2171
526
-2807
552
-4235
-2221
-3472
-2376
-1761
-369
-4493
83
3291
5113
1699
2549
-1820
594
282
5143
3404
2136
2176
3366
5476
80
3478
1618
-1157
984
812
-2801
106
-3051
-4891
-5115
-4123
-2870
-2766
-4296
-283
-2024
-5619
-4425
2097
-380
3158
2314
5000
-567
4027
4485
2017
2051
-354
4467
3851
3765
1747
-685
2627
-5662
-1465
-2315
-1146
-3441
-3883
-4173
-2559
-1124
-1047
-644
-4201
-1581
-2760
-4673
-1314
-456
-993
-1602
-2077
5004
517
771
247
-1932
4781
4141
277
1386
821
-559
3789
4286
2548
-2299
-3235
-1964
497
-2775
-368
-2421
-3996
-1642
-1500
-2934
-727
923
-875
-2846
-4249
1442
3469
1860
3255
3224
2297
-1311
2555
2281
2780
2363
3654
151
353
53
172
-2525
4286
1363
-542
-2368
314
-539
-1793
-4865
-1465
-4550
-3249
2180
-2092
-3023
113
-563
-1902
3145
-2474
2509
-158
-448
838
5278
2700
868
-667
1142
4304
3653
4107
3187
-1982
-161
-2314
35
-40
-1039
135
-434
-2493
-479
-415
-1353
1210
-362
-4062
-752
-3642
-871
-7335
2479
-1872
-4048
762
704
3876
-4032
-6571
-6143
-3442
-627
-2981
4996
6728
9129
13485
11627
-2483
-85
3011
454
3215
4317
1836
157
-1881
-6756
125
-4319
-1143
-5373
-8538
-12926
9233
8603
-279
-467
-725
-6292
-6771
-686
2648
4052
3778
2387
176
4191
-2585
-4941
-10403
-724
-1581
1919
4238
4274
2236
372
-4730
1627
-4100
1936
-1623
802
-5605
-4600
-5226
-5335
1141
6852
6076
3165
-3622
3039
1354
-1189
-2774
-4340
-1504
6529
3011
4487
7459
2239
8442
3300
-1254
-680
-4230
-4087
107
-4367
3138
6980
5287
2911
3505
-171
7215
6629
3642
-1968
2254
3943
3916
3482
-1070
206
1460
2097
4232
4242
957
275
2246
2206
-646
-1841
-880
-2698
-3593
-312
-5078
-665
-3735
-3442
-1602
55
493
-3155
-4930
-5322
-4787
-3514
-335
5198
4476
-413
-1288
1033
4635
4986
-579
5393
5058
4514
2769
370
1567
2992
3872
1710
-1789
-2086
241
1551
-5536
-5084
364
-3516
-1721
198
1145
-2746
-5225
-600
-1541
5734
3627
-767
2101
915
5508
700
1728
5414
2418
116
2886
3054
1598
-827
-2865
-840
-3904
-5205
-2178
-1241
-149
185
-4861
-1700
-2419
-359
-2342
-88
-5550
-3902
-1254
-3278
4469
1858
1587
727
4938
695
914
91
-796
4663
1232
3666
-1837
-798
-1427
-405
2037
1754
-3144
-3953
391
1013
-3741
-5283
-547
-227
-2219
-4539
-4433
-1611
-2202
-4352
-2200
1389
3687
-241
3239
259
3901
-953
1963
4468
1583
3022
442
518
1319
4825
4917
1556
-1054
-438
2286
-3422
-4222
-571
475
-614
403
-3716
-217
-1900
-1776
1662
-1843
-2775
1332
410
979
-1106
1695
2005
2763
4594
3673
2845
4244
423
3548
3940
1157
1145
1341
-6167
-65
-721
-4922
-3786
-5436
-4390
-1185
-2299
-227
-1243
55
-3291
-5430
-3833
980
-2935
3637
3384
-1018
2036
559
4555
921
1874
997
4468
2095
4248
1915
1858
2885
2400
2105
-1198
-2829
-3380
-5044
1009
150
-3304
710
-4586
-4636
771
-1433
-1469
-2731
-132
-2553
-1848
4196
2084
-1973
3183
2177
-462
2173
1950
1328
1628
4036
2021
-673
5174
3755
-1461
4045
-2713
-1051
-2996
-2267
-529
-1431
-738
-1775
-4395
-1136
-1240
-1974
-4135
-5424
1190
-1845
3916
3251
2864
1100
518
5096
5288
3985
4600
-683
2154
-660
2398
1828
-1535
-588
-2655
-3097
-214
-4651
-4134
-3178
-86
-4169
415
-633
-422
-3662
-4529
-1349
-1161
1103
329
2714
286
3
1251
4790
3970
-455
2903
4521
4483
4558
-581
2448
4115
43
1915
1296
2413
-2933
-2240
485
599
-1432
-124
-4761
-2043
-4508
-3989
420
435
-470
-5578
-4729
1157
2542
900
3863
1034
4122
405
2619
1328
559
2160
3916
1133
5563
1372
1468
-631
837
2013
2814
-5003
-404
239
-4400
-5441
-2201
-5397
-1494
1162
-1474
523
-728
594
-1449
1112
-1795
347
4698
4374
1459
4183
2382
4177
880
2481
3629
2440
1225
3899
-2047
-3994
-6287
-1550
-4385
-1075
-3656
-4252
343
-4614
-835
-656
-6021
-1775
-6090
-1046
-4030
-794
-787
2625
242
352
442
2228
-303
2063
4594
4172
3435
5557
2250
1686
-1384
3247
-353
103
-3867
-4066
-3861
-1630
-2073
-2593
-3745
-5196
-1129
595
102
-4182
-5398
-6624
-6095
-4124
4314
1472
3114
3528
2215
-1300
5317
4497
-648
573
4199
1315
659
3073
-413
4353
4978
1338
1145
-4483
-1803
197
-1774
343
-2081
-4839
-4141
783
486
-818
-2395
609
-3795
-699
-312
594
2418
4142
2220
3570
103
951
5066
5007
1820
3221
4727
4244
306
-5130
-4254
-1061
-4090
-891
-5443
-1315
88
-2669
744
-1246
-2629
-3612
-2792
-4476
-2411
-2894
1338
652
-2876
-1066
822
-2391
1002
-2673
-166
-776
-2750
-856
-1890
-901
149
-490
-718
2265
2175
-2041
766
1565
557
598
-914
937
-1560
-362
-1099
1452
1472
-2492
-2257
342
1229
-3029
-20
-2298
-3161
2553
-2421
-1905
2825
-2306
-1672
-2303
-2060
593
1722
922
-632
1150
-2097
2802
-2006
1796
-2182
-1072
-2648
797
1967
-1925
1515
-440
1010
-1927
-2660
-188
1149
-3484
-2447
-2812
-897
-2684
-2106
-1844
-2539
-2264
-1771
-1176
2395
-456
2746
622
1799
1499
145
3417
-1547
-553
924
598
-898
2164
-2638
3325
1150
-162
3210
-996
-2221
-1638
2843
1198
3651
1388
3662
203
4938
5316
2772
-347
1446
269
-1563
1653
1356
1138
-1431
-1767
-2823
-5033
-2289
-1337
663
-4854
-3401
-4317
-2766
-3302
662
-5977
-5927
-2347
1458
4901
1630
4697
1564
-1246
2871
2897
1496
3641
813
4831
561
5464
4585
3836
2041
-2642
2509
-4700
-3744
-1494
-4855
-1545
-98
-2776
-2794
-3049
-213
-796
-13
-4008
476
117
2763
1041
5482
1572
-168
3018
5595
414
2845
1110
1060
2929
530
-629
2999
-5617
-3602
448
-2799
-1165
-309
-2676
-2416
-2577
-1128
-3611
323
-2745
-5520
242
-780
1193
1093
3646
-1722
2078
-296
1988
-1564
4524
-545
2274
857
3511
1440
2439
3222
5400
5234
-1247
-2759
319
-987
-1548
-4238
-4820
-154
-1505
865
-2297
397
-1624
-2392
-3022
-1069
730
4414
2912
3161
2841
3367
3165
1678
3010
2095
1393
1241
1855
5414
5247
4784
3213
-60
-69
2450
-538
-3888
-3683
642
-2093
-5598
-1377
-983
-1894
275
-4260
-2368
-2353
-149
2622
4509
1160
-594
471
1692
6030
3531
157
2851
3927
2241
2068
-17
2320
-2524
-4034
-2559
-1795
-5091
-2836
-1010
499
-2289
-697
-2210
-5197
-2271
-4896
-3048
-5112
-3680
-982
-126
-2528
-1361
-3552
-2754
-3278
-2419
-440
1895
-123
-3352
2464
-2463
-1649
544
-1207
62
-661
123
-2846
357
658
2300
259
2238
336
1870
-969
650
326
-2256
3636
2543
2071
-2908
2801
2839
-396
-626
2477
-2964
2871
-1095
-1727
-76
720
110
1838
-2809
-491
85
-2047
-2256
-953
-850
509
-1166
3280
1446
-1343
-187
-2546
1762
-1353
2848
1587
-1345
183
-690
-2707
-2333
-1642
2858
-2575
1204
-1553
865
2061
1947
-3065
-106
619
47
295
3445
-2320
899
965
2928
1908
-974
6
-2184
532
521
2988
3059
-2131
3314
-2643
1831
2878
2081
5086
1665
5028
1760
1448
821
-656
1570
1952
1375
1584
700
2723
184
56
-3785
-2014
686
-3202
-354
-3132
-3241
-283
-5028
-116
291
-556
-2484
-5216
-5797
1273
2857
3989
-787
3932
-1257
4059
4331
-850
-979
-488
972
2566
-222
4978
464
305
2340
-2204
-472
-5150
-4208
-885
-3594
291
-4400
-64
651
-2072
-1851
-413
-4488
-394
-1375
1680
-1401
4593
-299
1787
4062
849
2574
5131
3140
4337
-84
3505
2091
1997
-1131
-3385
-1072
-520
-4858
491
323
-3534
-1147
22
-5337
-1691
528
-3582
-5408
-4408
305
-1
645
1936
1670
4652
2830
-801
3733
3660
2304
506
1863
3631
3641
-726
1619
2939
2872
-1029
-1463
-5505
-2610
-4585
347
-910
-762
-3698
-3381
-1987
-2621
-1941
-2192
-3744
-6539
1468
125
2803
-693
4966
-550
3578
3213
1686
2961
97
-336
3606
4907
-319
1591
-1430
-1400
12
-1265
800
1018
-3254
272
-284
274
-2916
-2030
-3128
-2928
1404
-295
-4733
1581
1376
-1246
3555
3149
1571
6105
1199
4433
4196
674
4037
886
397
4323
4612
-1898
285
-6301
-1299
-5297
-3051
-5614
139
-3672
-4837
-3730
-924
-1253
-1436
-370
-3244
-95
-3023
-1723
2939
-1971
3900
3876
4417
4061
2472
1902
-346
1051
1419
2515
22
110
2558
2228
-2029
852
-2027
276
-4384
-2545
-1354
-508
-4656
-3613
-2408
-4100
-4540
-2150
-2021
-7194
-3227
-2066
2855
2413
-908
1758
744
1468
-43
1993
4215
999
791
1057
918
5291
3703
749
3100
1089
-1248
-3868
-2215
417
-111
-1102
-3693
-2744
-35
-274
-2468
-4513
-3942
-3041
1060
2913
468
3763
370
2974
1551
1115
4228
3286
5281
3516
1936
4612
-507
2047
-3137
-3449
-4894
-2623
-4614
-1181
-4868
-2211
1061
-2715
-5839
-1868
-2032
-4566
-5441
-5074
-1673
1418
-1717
-2052
4141
370
2667
2824
4819
2404
3533
5414
3371
4333
1737
4508
718
4405
744
-1540
526
-1051
-1630
-3552
283
-2072
-1526
-2522
-3844
-4007
-333
-2055
-3258
-3650
-3196
1030
754
1840
3782
-1954
4903
1336
5254
5238
4312
5873
-691
77
2776
1085
77
1609
-2586
-550
-4222
-780
-1210
-4901
-3947
-3172
-543
739
-521
-1618
-1871
121
-3171
-2386
3238
-822
5523
1068
1090
5235
3010
5921
1064
4268
3090
3612
-1210
1575
1773
-1340
-1095
-270
234
-323
-3527
-4894
-902
471
-3493
-536
-4989
-3848
-355
-11
-5592
-209
3184
1421
2682
1839
2376
4284
-176
973
226
3467
-260
3748
538
3427
1972
1326
3628
3124
1994
1131
-2770
-3266
-372
-5388
-1116
-217
967
826
-3824
-4168
-2442
-4893
-2978
-1292
474
-1652
3562
-270
492
-1561
467
257
221
4463
1851
3437
745
4456
-295
1730
-651
-1092
-1721
-3731
-2267
-4416
-557
-1424
308
-4830
-2358
-2144
-4046
675
293
-1134
-1675
417
4508
-183
3087
3609
-940
888
843
-447
4267
847
850
-847
4589
1500
4151
3063
-3863
-2665
-562
1060
-2584
-3645
1113
504
-3422
-606
-5349
-1102
-1352
-3674
-3499
196
154
-2417
1043
930
-2089
2066
-2936
195
-2372
-3233
1492
2124
-3230
-2428
-1384
-2669
99
2363
649
-1174
-688
883
-1649
-2456
465
493
-1522
-1767
3382
709
-208
-963
2396
249
2409
-1217
-2267
1760
-1677
2370
-416
55
-2130
-3615
-2229
724
-3109
-953
-645
434
-3279
-660
143
850
-563
3564
-294
3174
3203
1926
2070
3428
-2121
-1922
1383
-447
-1143
-2699
773
2133
-1567
1149
919
-261
-2225
1595
1065
-1670
2054
2007
-2102
-3196
684
1554
-29
3104
-158
278
2605
-8
2808
895
1539
-57
223
1764
-1646
-1037
749
-357
-1444
-1421
-364
3040
815
3399
4799
3616
1150
892
4878
3144
-1101
-1073
507
-25
655
2499
2224
-3246
-4234
-525
-4620
-975
-1048
-4549
-1711
913
-2107
-2129
-3908
-2037
-6608
-1106
-4881
-171
2968
484
2217
772
766
559
4720
2591
2342
3365
2592
3796
1885
1817
740
125
84
-2095
355
846
-210
-5202
-1510
-1781
-722
1787
1570
141
2007
-2476
1407
-83
2884
1588
988
5302
4888
1090
600
5053
3131
606
-1371
1811
2432
4321
2693
193
156
-1750
-1249
-2602
961
-1175
-2634
-275
-3582
-4820
486
-433
-1522
-4784
839
-1627
666
-1996
-867
425
-1647
111
-2487
-1861
-2977
2534
-15
261
1744
2869
2326
1678
-288
1133
1870
2109
-2260
-2313
-2934
2294
2931
2530
916
458
-1244
3044
2390
301
-2845
3004
-1710
-1244
2338
-2030
1765
1350
-1853
-3426
-986
-2449
-3343
2809
-1442
-1264
1648
-769
-403
-2400
-234
-2264
2107
-2891
1300
-2850
2975
2196
834
204
1358
3127
-2375
2040
443
-746
2884
688
-3510
-1350
1127
-2205
-2833
-2720
1095
-1061
-2522
1483
1245
2147
-538
-2116
697
-39
2700
1780
-1379
2304
1222
-838
-458
-1010
2878
1787
-235
3357
2196
2654
-129
1001
-2043
-1260
5278
2655
4186
-388
4385
5441
837
6230
5215
356
3912
-1880
2477
2654
3281
1352
-5140
-2948
-4394
-2537
-5567
-1610
-1011
-1288
-1243
702
-1544
-1015
-2751
-6610
-4614
2066
1639
2041
1510
2259
-735
2061
2064
5947
4662
3626
256
829
-42
989
-1030
4750
2924
-1169
-3145
886
-3071
-1567
-5303
-186
-3237
-1628
-4971
-1678
-2388
-5047
-4509
-1707
5285
599
2388
5760
5286
6676
6925
3165
2612
5947
1103
2836
1607
2913
2788
-1094
-2017
-3308
-3414
-573
-683
-3082
-5675
-5373
-4320
-5973
-518
-2843
-5836
-3923
-1899
-2925
-361
-1253
4256
1117
5355
2536
4175
-1196
2836
-150
4854
132
-330
-1220
-562
-2126
33
4631
-568
-769
958
-3997
-2602
-4811
292
-4791
-4105
-2387
-1708
274
-2689
-2864
-2516
-2088
1804
4204
-145
3160
4122
-2355
3207
-247
3726
2951
1972
1849
-417
390
3168
3089
-665
-1661
239
1079
476
-3289
-2563
-3951
-867
-5726
-4901
-2467
-2674
671
-2863
-2537
-3874
2637
5176
2199
3231
-483
-2
2563
2966
3486
3091
2005
3526
1791
3628
-472
3656
3229
-2796
-1367
-4711
-2389
-3321
-2801
-3540
787
-3142
-1091
-1069
525
-143
-4622
-2835
344
937
