2796
-4635
-3990
-4970
1485
-6617
-5642
866
-1313
5601
3017
9384
2439
9146
4012
9345
-9
7368
2819
8279
-686
8193
2941
1927
2104
9411
3716
-4484
3102
979
-4404
-5112
-1723
-7501
1822
-1431
7126
6658
1480
-2733
1255
696
4649
5757
8876
7508
9921
5364
-1521
3480
3688
803
522
2958
559
-1266
3799
-7962
-1844
2390
-2532
1392
3597
-2725
-1388
8708
1763
9084
320
1748
2818
8594
-841
3826
7053
-534
4050
7903
4239
7649
6824
-691
-3858
2010
-5242
-7638
-1673
1816
3579
-4187
1379
-1596
-3869
-3299
-3171
-3759
1830
3924
-5179
-1561
1674
1998
-387
-5121
-4909
-6754
-7522
-6561
-5455
-1081
3024
-4426
3367
1175
-111
371
-3207
-2578
-2961
-6468
-3019
-4411
-6117
-5579
4622
-483
3883
2872
1585
-6202
-3429
1373
548
-6245
5054
2277
-114
-8690
-450
1338
-1470
-7874
-3035
-9827
9
-232
7715
-1517
5701
2905
2731
5298
-1617
7084
8886
-2327
7113
3730
5084
2616
6190
7644
-4058
-7726
-3219
2526
-7972
2671
-1771
-4967
-972
2969
-6411
-5941
-6310
3126
-6749
4040
3291
954
5473
-1978
-905
2513
-5101
4615
-2662
-5764
1695
-4530
3513
-2803
2530
-3318
-5611
-3096
-2493
707
702
-3320
-5426
-6614
5898
822
-283
4651
1073
413
-4526
-5318
-5960
-868
-1382
-4361
3782
-990
-493
-4653
-4836
-5836
-4093
-4187
-6017
3109
2408
5007
4710
-3110
1844
-3624
5162
-2779
-5722
-3941
-1075
-6605
-233
-1040
-6920
4165
-2937
4625
-1449
2004
4289
-6441
1094
2551
-1334
-7697
-3805
-415
-5484
5020
-4547
-3076
2219
-6818
3384
-695
65
-6316
-6294
-5689
-7011
5077
-3153
799
-113
-4015
-7406
-7536
-308
-3706
759
1865
-2692
-1595
-3311
-5823
3636
-6070
-1514
5406
-3254
887
3576
-5402
-5
-3785
-5166
-6581
2760
-3940
4784
5304
-918
-62
-7748
-3692
-6318
-10353
-10414
-11512
-5172
-7705
7889
4099
707
2021
6747
-920
9004
2468
3750
9307
-2461
7077
8477
8499
5301
1293
-837
7800
-558
2957
2010
-5414
2292
-1386
-7805
-1413
-5092
-3060
-2853
-6468
-5001
4467
-4088
-1949
-1656
4262
2229
-3513
-501
-3767
-363
-4128
-4551
-2648
-5699
-5313
-524
-3859
-7531
-6925
-6465
1490
-7026
-3116
2683
-6933
-39
1811
4613
1309
-2549
5153
-1845
-1053
665
-6029
4603
652
3122
1289
-6424
1362
-1507
3972
1149
-317
1824
3322
190
4515
5374
-1378
-627
-1471
-1859
6628
7545
3258
2202
-2097
-1563
6294
5963
6176
3893
6072
5358
1674
9911
-2914
-2686
-6700
2107
2927
-1293
-6484
-6378
-8942
-1168
2272
-4358
-3885
-4587
59
2536
-5660
-4410
1816
3733
3063
-2237
-1614
-4894
1326
3742
-1649
