435
-2966
-5210
2317
3865
-3566
668
3366
388
6685
248
-3539
6438
1154
563
746
2917
-1036
-1283
4421
-4427
-3419
5447
6992
3277
-3659
-3738
-5485
1160
105
-2424
-3558
4774
8181
-6420
2307
2209
-1387
877
-61
-2358
-4021
985
4365
384
5624
-1391
6147
-7524
5639
-817
-4359
3723
807
-1763
4700
5299
-1903
874
-357
-3520
455
5696
-4485
4237
2211
-4418
4529
-7533
-1572
2027
295
58
1049
1690
2444
8159
-559
4461
3084
-2516
-781
3005
-3249
1456
-1166
-3147
-108
3044
2549
-306
5297
-2112
3352
315
-4690
-521
6320
-623
2342
352
1902
-2901
-1432
-5003
5748
-5131
-3633
-1874
-3058
3919
-3009
2587
1756
-3207
-4619
-2879
4511
-2613
4645
9469
-71
-5732
5324
4198
13
1071
3293
