7284
10811
17910
18170
31143
36582
42005
42780
46266
44185
38908
43710
38617
35458
21719
11843
2703
-9899
-8791
-24920
-32610
-35189
-33774
-42209
-49113
-48337
-41953
-42105
-40061
-32257
-21629
-9119
-13078
-1988
6050
8252
21777
28278
42259
41817
38956
48917
44649
37260
38023
32974
25540
21641
4765
3768
-72
-9288
-16439
-23763
-28689
-43773
-39871
-52327
-47914
-51703
-37465
-31989
-32132
-17677
-19295
-7723
1004
5050
19221
32768
28274
41396
41730
51981
48291
48613
46422
41270
29875
34238
16265
14312
7154
-7179
-12005
-16209
-28153
-37811
-50674
-46849
-47452
-47582
-48039
-40040
-39316
-31794
-21883
-19989
-9454
8702
