-1205
8929
9349
31701
25384
34802
44373
40514
42486
42642
46195
49249
35485
24661
23652
11123
4719
532
-15500
-20742
-31549
-35129
-38634
-47080
-46648
-46671
-46967
-46211
-42718
-32082
-25621
-8183
-17723
834
10572
22811
27317
29039
38044
44525
44103
49530
38948
50738
46074
34032
31321
21760
10226
5130
-141
-14088
-22223
-28454
-32857
-34699
-45716
-43386
-44929
-51669
-43252
-37754
-31644
-23330
-24634
-8168
-2210
3602
19594
28216
29775
41288
40967
45566
42329
52244
33829
40069
38002
21136
20846
13122
7968
814
-14176
-26109
-22902
-29836
-41402
-41921
-43873
-43581
-43725
-36220
-43938
-27483
-23120
-17612
-3827
-8626
