6097
6233
15094
20876
35426
28903
49128
42266
47744
45104
49680
32251
33867
27189
25624
8657
3539
-8107
-13254
-19404
-33451
-31133
-37241
-42492
-43036
-49638
-46185
-46445
-39394
-30456
-28229
-19173
-11770
-3532
6001
17104
20703
32966
44349
45218
44486
43039
43163
50578
40482
32641
29431
29393
13414
6618
-3513
-14792
-26131
-30521
-36411
-38469
-41180
-42918
-45859
-42255
-45738
-33464
-30524
-26694
-15721
-9386
4176
14544
25675
19615
26421
35910
42948
48650
47730
38192
42785
43512
36022
31658
20337
12163
4939
-3085
-12645
-21212
-31774
-34125
-40282
-40048
-41874
-46250
-47169
-45287
-36698
-32223
-26873
-17456
-11508
2485
