6594
10104
20813
33542
39037
33810
45681
44306
45749
47317
44204
45607
37804
28942
22762
14141
9963
-5439
-12101
-24813
-38812
-32793
-37098
-46981
-37408
-52238
-45178
-43192
-32123
-26588
-24735
-16025
-12454
-7896
7210
17631
29632
36463
36092
40835
40835
40653
39126
51195
38008
33164
23623
24053
6605
3359
-8110
-11816
-23484
-33502
-35431
-38785
-43852
-45020
-49065
-46758
-45069
-39445
-35419
-32014
-16802
-10573
-6539
10347
13515
25073
34631
38090
46413
40114
47705
43078
40277
37740
33654
28688
16537
16336
5984
-10589
-7554
-14172
-24373
-36019
-44586
-40030
-47751
-41881
-44549
-38688
-36675
-29539
-25294
-10578
-8528
1324
