59
10569
13247
27608
30240
31506
39532
47230
47455
41319
46064
39673
36543
29805
16638
14281
1926
1433
-10403
-21201
-32592
-34963
-39668
-48617
-37435
-44921
-38651
-46606
-31581
-37386
-27716
-15271
-8725
-9246
4366
20331
32994
35390
36560
45112
40498
48141
40546
43638
39508
37999
27351
25751
12165
7502
-1504
-20309
-21235
-28655
-38181
-39592
-49570
-43876
-44474
-44029
-32739
-36539
-31868
-28029
-16219
-12626
4777
6135
17706
32616
36354
38565
47365
44706
49244
45826
40176
41675
38511
27185
16869
10884
-4923
-6891
-17352
-13566
-30977
-41134
-36921
-44624
-45837
-45715
-44381
-43754
-34212
-30107
-27116
-18029
-12558
949
